1	100 
2	44 
3	97 
4	50 
5	99 
6	64 
7	115 
8	144 
9	166 
10	95 
11	130 
12	14 
13	75 
14	180 
15	104 
16	69 
17	181 
18	158 
19	166 
20	60 
21	23 
22	59 
23	20 
24	3 
25	135 
26	45 
27	64 
28	41 
29	78 
30	55 
31	88 
32	32 
33	135 
34	51 
35	108 
36	158 
37	36 
38	75 
39	170 
40	83 
41	39 
42	157 
43	92 
44	129 
45	161 
46	158 
47	175 
48	32 
49	52 
50	160 
51	121 
52	181 
53	156 
54	2 
55	72 
56	158 
57	63 
58	56 
59	164 
60	118 
61	125 
62	23 
63	165 
64	97 
65	4 
66	79 
67	87 
68	165 
69	99 
70	114 
71	4 
72	3 
73	116 
74	67 
75	170 
76	72 
77	99 
78	39 
79	49 
80	20 
81	75 
82	87 
83	72 
84	73 
85	96 
86	170 
87	152 
88	87 
89	53 
90	10 
91	136 
92	157 
93	51 
94	15 
95	92 
96	35 
97	3 
98	54 
99	35 
100	3 
101	181 
102	106 
103	125 
104	51 
105	70 
106	86 
107	134 
108	106 
109	78 
110	14 
111	161 
112	71 
113	48 
114	10 
115	55 
116	28 
117	33 
118	79 
119	177 
120	171 
121	163 
122	9 
123	51 
124	51 
125	38 
126	134 
127	6 
128	151 
129	23 
130	105 
131	116 
132	166 
133	138 
134	121 
135	97 
136	53 
137	80 
138	71 
139	84 
140	112 
141	177 
142	167 
143	41 
144	143 
145	16 
146	103 
147	21 
148	122 
149	3 
150	81 
151	182 
152	48 
153	137 
154	57 
155	134 
156	41 
157	151 
158	4 
159	98 
160	25 
161	80 
162	11 
163	155 
164	32 
165	57 
166	176 
167	52 
168	29 
169	102 
170	100 
171	128 
172	68 
173	13 
174	61 
175	9 
176	21 
177	118 
178	101 
179	22 
180	56 
181	157 
182	118 
183	92 
184	56 
185	128 
186	3 
187	57 
188	175 
189	68 
190	93 
191	124 
192	107 
193	165 
194	140 
195	13 
196	162 
197	1 
198	46 
199	45 
200	57 
201	151 
202	4 
203	69 
204	11 
205	80 
206	1 
207	70 
208	19 
209	170 
210	143 
211	160 
212	58 
213	27 
214	85 
215	162 
216	112 
217	89 
218	75 
219	74 
220	73 
221	8 
222	136 
223	84 
224	9 
225	50 
226	180 
227	111 
228	71 
229	113 
230	97 
231	32 
232	4 
233	126 
234	141 
235	85 
236	182 
237	86 
238	153 
239	125 
240	112 
241	31 
242	70 
243	7 
244	178 
245	20 
246	55 
247	56 
248	44 
249	119 
250	82 
251	140 
252	92 
253	158 
254	117 
255	150 
256	113 
257	145 
258	81 
259	146 
260	131 
261	167 
262	174 
263	26 
264	112 
265	122 
266	122 
267	151 
268	85 
269	174 
270	138 
271	19 
272	118 
273	70 
274	5 
275	166 
276	107 
277	81 
278	85 
279	42 
280	158 
281	152 
282	105 
283	129 
284	118 
285	72 
286	118 
287	118 
288	160 
289	147 
290	87 
291	135 
292	168 
293	97 
294	64 
295	162 
296	51 
297	156 
298	12 
299	6 
300	140 
301	3 
302	101 
303	95 
304	77 
305	23 
306	72 
307	152 
308	101 
309	71 
310	57 
311	140 
312	12 
313	114 
314	137 
315	124 
316	75 
317	95 
318	173 
319	171 
320	76 
321	85 
322	29 
323	159 
324	45 
325	2 
326	109 
327	96 
328	145 
329	79 
330	80 
331	107 
332	85 
333	16 
334	129 
335	81 
336	175 
337	130 
338	109 
339	8 
340	76 
341	18 
342	25 
343	149 
344	81 
345	84 
346	36 
347	88 
348	88 
349	138 
350	66 
351	14 
352	20 
353	140 
354	34 
355	128 
356	91 
357	9 
358	137 
359	48 
360	93 
361	84 
362	83 
363	34 
364	60 
365	51 
366	47 
367	85 
368	119 
369	77 
370	87 
371	135 
372	58 
373	174 
374	14 
375	47 
376	156 
377	51 
378	42 
379	171 
380	1 
381	2 
382	165 
383	177 
384	54 
385	27 
386	25 
387	25 
388	47 
389	113 
390	127 
391	114 
392	80 
393	10 
394	110 
395	13 
396	170 
397	157 
398	68 
399	146 
400	30 
401	138 
402	30 
403	128 
404	98 
405	157 
406	16 
407	79 
408	84 
409	121 
410	115 
411	6 
412	57 
413	140 
414	127 
415	148 
416	86 
417	75 
418	62 
419	166 
420	36 
421	62 
422	157 
423	154 
424	141 
425	12 
426	75 
427	112 
428	141 
429	171 
430	3 
431	116 
432	167 
433	71 
434	108 
435	6 
436	57 
437	30 
438	123 
439	175 
440	86 
441	14 
442	154 
443	32 
444	94 
445	122 
446	162 
447	117 
448	70 
449	5 
450	83 
451	117 
452	25 
453	98 
454	118 
455	33 
456	108 
457	28 
458	5 
459	165 
460	50 
461	145 
462	129 
463	168 
464	27 
465	77 
466	85 
467	179 
468	64 
469	117 
470	117 
471	136 
472	104 
473	126 
474	149 
475	168 
476	53 
477	36 
478	173 
479	71 
480	146 
481	8 
482	138 
483	85 
484	53 
485	152 
486	57 
487	171 
488	88 
489	161 
490	150 
491	145 
492	152 
493	168 
494	147 
495	175 
496	89 
497	54 
498	43 
499	143 
500	114 
501	93 
502	62 
503	165 
504	141 
505	10 
506	180 
507	38 
508	107 
509	61 
510	158 
511	156 
512	104 
513	50 
514	180 
515	44 
516	82 
517	52 
518	163 
519	28 
520	180 
521	14 
522	33 
523	24 
524	43 
525	8 
526	10 
527	45 
528	22 
529	154 
530	6 
531	114 
532	90 
533	83 
534	48 
535	161 
536	179 
537	118 
538	165 
539	103 
540	56 
541	137 
542	3 
543	105 
544	19 
545	74 
546	114 
547	9 
548	133 
549	81 
550	81 
551	51 
552	135 
553	153 
554	23 
555	142 
556	10 
557	71 
558	156 
559	47 
560	115 
561	96 
562	20 
563	69 
564	1 
565	155 
566	47 
567	172 
568	111 
569	181 
570	22 
571	169 
572	127 
573	46 
574	89 
575	178 
576	148 
577	15 
578	98 
579	161 
580	115 
581	23 
582	106 
583	12 
584	157 
585	31 
586	125 
587	69 
588	156 
589	113 
590	125 
591	4 
592	178 
593	141 
594	52 
595	99 
596	152 
597	30 
598	27 
599	112 
600	176 
601	122 
602	78 
603	62 
604	166 
605	30 
606	11 
607	79 
608	31 
609	79 
610	123 
611	82 
612	45 
613	157 
614	78 
615	83 
616	127 
617	81 
618	103 
619	162 
620	139 
621	57 
622	42 
623	65 
624	79 
625	168 
626	65 
627	71 
628	5 
629	144 
630	145 
631	25 
632	95 
633	74 
634	10 
635	28 
636	53 
637	175 
638	142 
639	75 
640	50 
641	149 
642	167 
643	34 
644	20 
645	35 
646	117 
647	100 
648	141 
649	60 
650	6 
651	66 
652	174 
653	124 
654	86 
655	94 
656	117 
657	161 
658	11 
659	101 
660	84 
661	50 
662	8 
663	158 
664	54 
665	4 
666	89 
667	103 
668	74 
669	79 
670	134 
671	73 
672	133 
673	28 
674	167 
675	113 
676	77 
677	89 
678	70 
679	2 
680	181 
681	25 
682	139 
683	7 
684	150 
685	132 
686	89 
687	152 
688	174 
689	142 
690	176 
691	28 
692	117 
693	42 
694	50 
695	105 
696	130 
697	85 
698	155 
699	117 
700	51 
701	46 
702	181 
703	14 
704	107 
705	154 
706	143 
707	136 
708	115 
709	39 
710	158 
711	170 
712	55 
713	108 
714	136 
715	169 
716	51 
717	141 
718	86 
719	2 
720	140 
721	130 
722	174 
723	61 
724	180 
725	14 
726	31 
727	68 
728	53 
729	3 
730	177 
731	167 
732	152 
733	146 
734	85 
735	125 
736	79 
737	149 
738	9 
739	146 
740	115 
741	132 
742	125 
743	38 
744	21 
745	145 
746	44 
747	20 
748	74 
749	98 
750	119 
751	17 
752	166 
753	20 
754	174 
755	111 
756	168 
757	157 
758	25 
759	181 
760	138 
761	49 
762	64 
763	122 
764	82 
765	110 
766	17 
767	73 
768	168 
769	75 
770	148 
771	47 
772	114 
773	93 
774	138 
775	176 
776	119 
777	169 
778	136 
779	20 
780	88 
781	142 
782	82 
783	38 
784	137 
785	172 
786	117 
787	28 
788	108 
789	83 
790	60 
791	135 
792	146 
793	114 
794	172 
795	103 
796	143 
797	61 
798	6 
799	115 
800	153 
801	80 
802	177 
803	171 
804	128 
805	93 
806	149 
807	135 
808	172 
809	117 
810	39 
811	97 
812	3 
813	35 
814	58 
815	144 
816	129 
817	121 
818	71 
819	108 
820	51 
821	14 
822	140 
823	57 
824	56 
825	177 
826	51 
827	91 
828	80 
829	160 
830	117 
831	156 
832	2 
833	178 
834	81 
835	36 
836	39 
837	177 
838	93 
839	54 
840	10 
841	89 
842	116 
843	101 
844	135 
845	93 
846	181 
847	156 
848	5 
849	62 
850	82 
851	155 
852	62 
853	54 
854	173 
855	17 
856	50 
857	149 
858	88 
859	98 
860	73 
861	47 
862	63 
863	47 
864	142 
865	61 
866	94 
867	166 
868	119 
869	103 
870	91 
871	54 
872	11 
873	73 
874	159 
875	145 
876	43 
877	21 
878	177 
879	149 
880	54 
881	99 
882	168 
883	104 
884	100 
885	60 
886	52 
887	135 
888	95 
889	141 
890	28 
891	31 
892	147 
893	123 
894	9 
895	137 
896	118 
897	116 
898	130 
899	79 
900	138 
901	177 
902	54 
903	36 
904	4 
905	102 
906	57 
907	57 
908	35 
909	146 
910	26 
911	149 
912	11 
913	74 
914	154 
915	57 
916	21 
917	39 
918	135 
919	140 
920	92 
921	83 
922	112 
923	38 
924	155 
925	160 
926	164 
927	79 
928	132 
929	3 
930	155 
931	150 
932	82 
933	21 
934	39 
935	118 
936	177 
937	142 
938	164 
939	5 
940	25 
941	165 
942	3 
943	25 
944	12 
945	109 
946	170 
947	25 
948	123 
949	136 
950	5 
951	108 
952	94 
953	116 
954	5 
955	86 
956	181 
957	159 
958	33 
959	28 
960	69 
961	130 
962	57 
963	52 
964	97 
965	156 
966	118 
967	178 
968	130 
969	59 
970	152 
971	78 
972	21 
973	73 
974	9 
975	102 
976	103 
977	94 
978	70 
979	90 
980	100 
981	153 
982	25 
983	44 
984	81 
985	166 
986	162 
987	127 
988	134 
989	56 
990	68 
991	58 
992	146 
993	70 
994	149 
995	93 
996	50 
997	79 
998	82 
999	142 
1000	96 
1001	83 
1002	68 
1003	110 
1004	145 
1005	105 
1006	19 
1007	60 
1008	82 
1009	46 
1010	36 
1011	38 
1012	133 
1013	168 
1014	146 
1015	137 
1016	138 
1017	51 
1018	43 
1019	59 
1020	177 
1021	27 
1022	37 
1023	168 
1024	89 
1025	94 
1026	53 
1027	96 
1028	58 
1029	101 
1030	46 
1031	145 
1032	88 
1033	175 
1034	64 
1035	31 
1036	93 
1037	129 
1038	171 
1039	122 
1040	12 
1041	165 
1042	46 
1043	85 
1044	133 
1045	109 
1046	76 
1047	11 
1048	177 
1049	89 
1050	49 
1051	8 
1052	142 
1053	78 
1054	131 
1055	15 
1056	114 
1057	24 
1058	134 
1059	3 
1060	61 
1061	163 
1062	11 
1063	116 
1064	22 
1065	149 
1066	165 
1067	114 
1068	50 
1069	119 
1070	115 
1071	77 
1072	76 
1073	107 
1074	173 
1075	89 
1076	55 
1077	162 
1078	126 
1079	160 
1080	76 
1081	78 
1082	116 
1083	115 
1084	165 
1085	100 
1086	60 
1087	106 
1088	142 
1089	21 
1090	91 
1091	8 
1092	37 
1093	29 
1094	108 
1095	140 
1096	166 
1097	29 
1098	177 
1099	42 
1100	70 
1101	130 
1102	136 
1103	169 
1104	58 
1105	35 
1106	93 
1107	66 
1108	82 
1109	76 
1110	33 
1111	6 
1112	13 
1113	108 
1114	178 
1115	97 
1116	110 
1117	16 
1118	97 
1119	172 
1120	35 
1121	21 
1122	58 
1123	91 
1124	77 
1125	180 
1126	107 
1127	46 
1128	100 
1129	45 
1130	175 
1131	159 
1132	66 
1133	146 
1134	64 
1135	119 
1136	26 
1137	95 
1138	110 
1139	1 
1140	17 
1141	108 
1142	168 
1143	135 
1144	117 
1145	142 
1146	141 
1147	23 
1148	155 
1149	167 
1150	86 
1151	52 
1152	9 
1153	28 
1154	50 
1155	157 
1156	84 
1157	30 
1158	137 
1159	60 
1160	68 
1161	106 
1162	161 
1163	66 
1164	109 
1165	25 
1166	105 
1167	146 
1168	25 
1169	69 
1170	50 
1171	140 
1172	94 
1173	100 
1174	109 
1175	178 
1176	158 
1177	49 
1178	121 
1179	9 
1180	44 
1181	129 
1182	55 
1183	126 
1184	60 
1185	32 
1186	56 
1187	45 
1188	60 
1189	42 
1190	123 
1191	147 
1192	162 
1193	180 
1194	139 
1195	28 
1196	17 
1197	30 
1198	104 
1199	30 
1200	75 
1201	22 
1202	27 
1203	117 
1204	100 
1205	112 
1206	63 
1207	12 
1208	80 
1209	48 
1210	62 
1211	178 
1212	8 
1213	152 
1214	145 
1215	49 
1216	7 
1217	18 
1218	176 
1219	156 
1220	162 
1221	62 
1222	118 
1223	13 
1224	169 
1225	86 
1226	82 
1227	9 
1228	99 
1229	14 
1230	108 
1231	108 
1232	66 
1233	115 
1234	74 
1235	155 
1236	181 
1237	28 
1238	135 
1239	86 
1240	74 
1241	32 
1242	22 
1243	13 
1244	12 
1245	59 
1246	45 
1247	149 
1248	173 
1249	135 
1250	165 
1251	130 
1252	60 
1253	22 
1254	1 
1255	63 
1256	38 
1257	20 
1258	158 
1259	181 
1260	29 
1261	169 
1262	101 
1263	89 
1264	3 
1265	141 
1266	100 
1267	178 
1268	147 
1269	30 
1270	55 
1271	116 
1272	87 
1273	34 
1274	114 
1275	168 
1276	104 
1277	98 
1278	71 
1279	87 
1280	13 
1281	49 
1282	157 
1283	129 
1284	135 
1285	25 
1286	23 
1287	6 
1288	1 
1289	153 
1290	177 
1291	176 
1292	20 
1293	116 
1294	30 
1295	89 
1296	49 
1297	173 
1298	93 
1299	36 
1300	71 
1301	172 
1302	35 
1303	164 
1304	73 
1305	105 
1306	74 
1307	122 
1308	87 
1309	149 
1310	174 
1311	38 
1312	46 
1313	81 
1314	108 
1315	116 
1316	130 
1317	41 
1318	167 
1319	114 
1320	136 
1321	171 
1322	166 
1323	2 
1324	20 
1325	143 
1326	79 
1327	114 
1328	65 
1329	56 
1330	90 
1331	37 
1332	133 
1333	135 
1334	139 
1335	32 
1336	43 
1337	63 
1338	155 
1339	156 
1340	75 
1341	172 
1342	42 
1343	98 
1344	25 
1345	139 
1346	12 
1347	130 
1348	9 
1349	118 
1350	62 
1351	130 
1352	25 
1353	182 
1354	108 
1355	51 
1356	81 
1357	44 
1358	175 
1359	56 
1360	165 
1361	24 
1362	49 
1363	114 
1364	17 
1365	56 
1366	124 
1367	21 
1368	45 
1369	32 
1370	142 
1371	103 
1372	46 
1373	141 
1374	49 
1375	148 
1376	34 
1377	167 
1378	88 
1379	127 
1380	168 
1381	47 
1382	95 
1383	73 
1384	89 
1385	40 
1386	102 
1387	71 
1388	68 
1389	33 
1390	168 
1391	92 
1392	35 
1393	175 
1394	144 
1395	100 
1396	120 
1397	146 
1398	82 
1399	130 
1400	12 
1401	7 
1402	159 
1403	59 
1404	49 
1405	89 
1406	48 
1407	97 
1408	57 
1409	12 
1410	44 
1411	53 
1412	95 
1413	81 
1414	72 
1415	81 
1416	138 
1417	97 
1418	93 
1419	12 
1420	141 
1421	46 
1422	8 
1423	154 
1424	81 
1425	54 
1426	37 
1427	70 
1428	152 
1429	108 
1430	41 
1431	51 
1432	12 
1433	107 
1434	31 
1435	179 
1436	53 
1437	148 
1438	27 
1439	151 
1440	68 
1441	148 
1442	84 
1443	93 
1444	134 
1445	77 
1446	168 
1447	93 
1448	11 
1449	101 
1450	176 
1451	102 
1452	181 
1453	54 
1454	51 
1455	177 
1456	176 
1457	9 
1458	105 
1459	140 
1460	165 
1461	19 
1462	137 
1463	58 
1464	128 
1465	43 
1466	172 
1467	180 
1468	75 
1469	18 
1470	26 
1471	172 
1472	156 
1473	86 
1474	21 
1475	17 
1476	96 
1477	175 
1478	17 
1479	104 
1480	62 
1481	64 
1482	82 
1483	57 
1484	49 
1485	24 
1486	21 
1487	76 
1488	9 
1489	111 
1490	141 
1491	10 
1492	68 
1493	29 
1494	64 
1495	155 
1496	86 
1497	141 
1498	70 
1499	97 
1500	105 
1501	92 
1502	58 
1503	45 
1504	171 
1505	95 
1506	18 
1507	58 
1508	61 
1509	121 
1510	165 
1511	165 
1512	140 
1513	106 
1514	44 
1515	11 
1516	10 
1517	51 
1518	120 
1519	90 
1520	55 
1521	158 
1522	126 
1523	76 
1524	94 
1525	83 
1526	170 
1527	155 
1528	155 
1529	45 
1530	54 
1531	7 
1532	132 
1533	40 
1534	159 
1535	37 
1536	96 
1537	13 
1538	143 
1539	4 
1540	138 
1541	58 
1542	86 
1543	166 
1544	102 
1545	12 
1546	160 
1547	174 
1548	111 
1549	178 
1550	109 
1551	24 
1552	6 
1553	109 
1554	167 
1555	22 
1556	105 
1557	62 
1558	97 
1559	53 
1560	45 
1561	116 
1562	9 
1563	116 
1564	66 
1565	136 
1566	84 
1567	104 
1568	123 
1569	23 
1570	78 
1571	93 
1572	89 
1573	27 
1574	82 
1575	135 
1576	16 
1577	45 
1578	11 
1579	159 
1580	120 
1581	88 
1582	103 
1583	42 
1584	161 
1585	67 
1586	158 
1587	82 
1588	99 
1589	12 
1590	111 
1591	93 
1592	9 
1593	175 
1594	99 
1595	59 
1596	84 
1597	141 
1598	175 
1599	7 
1600	51 
1601	100 
1602	168 
1603	171 
1604	101 
1605	113 
1606	8 
1607	139 
1608	21 
1609	62 
1610	162 
1611	150 
1612	108 
1613	77 
1614	151 
1615	179 
1616	11 
1617	63 
1618	74 
1619	159 
1620	36 
1621	26 
1622	9 
1623	31 
1624	38 
1625	118 
1626	43 
1627	39 
1628	160 
1629	79 
1630	99 
1631	87 
1632	127 
1633	134 
1634	42 
1635	110 
1636	140 
1637	53 
1638	159 
1639	96 
1640	144 
1641	55 
1642	85 
1643	144 
1644	112 
1645	180 
1646	146 
1647	72 
1648	27 
1649	144 
1650	119 
1651	176 
1652	51 
1653	2 
1654	99 
1655	154 
1656	34 
1657	131 
1658	33 
1659	113 
1660	3 
1661	163 
1662	135 
1663	106 
1664	25 
1665	180 
1666	60 
1667	100 
1668	86 
1669	139 
1670	93 
1671	34 
1672	181 
1673	158 
1674	173 
1675	171 
1676	181 
1677	64 
1678	72 
1679	99 
1680	122 
1681	43 
1682	146 
1683	18 
1684	160 
1685	162 
1686	159 
1687	81 
1688	159 
1689	102 
1690	12 
1691	97 
1692	37 
1693	4 
1694	138 
1695	138 
1696	67 
1697	162 
1698	181 
1699	84 
1700	115 
1701	114 
1702	68 
1703	64 
1704	3 
1705	51 
1706	49 
1707	41 
1708	105 
1709	84 
1710	27 
1711	29 
1712	56 
1713	102 
1714	52 
1715	21 
1716	9 
1717	12 
1718	155 
1719	156 
1720	15 
1721	168 
1722	95 
1723	155 
1724	61 
1725	31 
1726	88 
1727	52 
1728	87 
1729	161 
1730	45 
1731	170 
1732	167 
1733	124 
1734	98 
1735	90 
1736	92 
1737	128 
1738	58 
1739	69 
1740	76 
1741	25 
1742	79 
1743	157 
1744	25 
1745	119 
1746	19 
1747	82 
1748	139 
1749	114 
1750	115 
1751	170 
1752	83 
1753	48 
1754	34 
1755	145 
1756	49 
1757	107 
1758	169 
1759	75 
1760	169 
1761	129 
1762	83 
1763	28 
1764	29 
1765	40 
1766	95 
1767	112 
1768	147 
1769	177 
1770	89 
1771	75 
1772	25 
1773	30 
1774	48 
1775	42 
1776	170 
1777	134 
1778	155 
1779	124 
1780	123 
1781	85 
1782	66 
1783	84 
1784	90 
1785	174 
1786	6 
1787	45 
1788	38 
1789	2 
1790	128 
1791	122 
1792	119 
1793	92 
1794	177 
1795	62 
1796	131 
1797	101 
1798	128 
1799	30 
1800	4 
1801	65 
1802	180 
1803	25 
1804	42 
1805	173 
1806	66 
1807	58 
1808	6 
1809	165 
1810	142 
1811	166 
1812	181 
1813	43 
1814	77 
1815	79 
1816	115 
1817	40 
1818	2 
1819	144 
1820	8 
1821	68 
1822	33 
1823	48 
1824	156 
1825	163 
1826	13 
1827	132 
1828	149 
1829	89 
1830	5 
1831	84 
1832	22 
1833	104 
1834	177 
1835	157 
1836	87 
1837	70 
1838	58 
1839	52 
1840	32 
1841	178 
1842	151 
1843	30 
1844	129 
1845	178 
1846	8 
1847	93 
1848	66 
1849	105 
1850	68 
1851	115 
1852	37 
1853	61 
1854	85 
1855	40 
1856	75 
1857	87 
1858	85 
1859	137 
1860	126 
1861	119 
1862	4 
1863	111 
1864	101 
1865	171 
1866	71 
1867	66 
1868	143 
1869	21 
1870	123 
1871	41 
1872	82 
1873	64 
1874	106 
1875	74 
1876	48 
1877	82 
1878	74 
1879	128 
1880	23 
1881	92 
1882	179 
1883	62 
1884	16 
1885	179 
1886	27 
1887	93 
1888	40 
1889	123 
1890	94 
1891	1 
1892	157 
1893	3 
1894	145 
1895	148 
1896	114 
1897	117 
1898	107 
1899	32 
1900	38 
1901	43 
1902	107 
1903	85 
1904	140 
1905	121 
1906	70 
1907	118 
1908	85 
1909	82 
1910	75 
1911	19 
1912	31 
1913	165 
1914	143 
1915	103 
1916	60 
1917	165 
1918	182 
1919	135 
1920	54 
1921	101 
1922	12 
1923	44 
1924	49 
1925	38 
1926	112 
1927	22 
1928	53 
1929	119 
1930	50 
1931	41 
1932	101 
1933	3 
1934	116 
1935	88 
1936	66 
1937	146 
1938	109 
1939	68 
1940	39 
1941	118 
1942	141 
1943	122 
1944	4 
1945	52 
1946	167 
1947	57 
1948	105 
1949	82 
1950	155 
1951	80 
1952	1 
1953	1 
1954	97 
1955	45 
1956	39 
1957	31 
1958	131 
1959	168 
1960	131 
1961	56 
1962	69 
1963	32 
1964	146 
1965	171 
1966	90 
1967	127 
1968	149 
1969	37 
1970	76 
1971	45 
1972	138 
1973	41 
1974	36 
1975	41 
1976	133 
1977	166 
1978	23 
1979	96 
1980	57 
1981	51 
1982	59 
1983	150 
1984	32 
1985	54 
1986	167 
1987	127 
1988	119 
1989	155 
1990	75 
1991	54 
1992	16 
1993	91 
1994	109 
1995	133 
1996	2 
1997	107 
1998	112 
1999	98 
2000	95 
2001	5 
2002	173 
2003	68 
2004	54 
2005	157 
2006	64 
2007	2 
2008	120 
2009	160 
2010	56 
2011	54 
2012	94 
2013	104 
2014	11 
2015	91 
2016	166 
2017	106 
2018	47 
2019	40 
2020	31 
2021	71 
2022	111 
2023	169 
2024	177 
2025	35 
2026	166 
2027	60 
2028	31 
2029	47 
2030	168 
2031	118 
2032	166 
2033	62 
2034	182 
2035	64 
2036	57 
2037	111 
2038	129 
2039	40 
2040	176 
2041	1 
2042	11 
2043	179 
2044	63 
2045	130 
2046	74 
2047	120 
2048	89 
2049	146 
2050	27 
2051	63 
2052	25 
2053	141 
2054	28 
2055	85 
2056	35 
2057	54 
2058	8 
2059	84 
2060	81 
2061	120 
2062	179 
2063	39 
2064	13 
2065	60 
2066	164 
2067	78 
2068	160 
2069	67 
2070	50 
2071	14 
2072	143 
2073	132 
2074	43 
2075	128 
2076	129 
2077	161 
2078	44 
2079	13 
2080	127 
2081	162 
2082	118 
2083	105 
2084	13 
2085	114 
2086	150 
2087	65 
2088	141 
2089	121 
2090	13 
2091	105 
2092	29 
2093	47 
2094	127 
2095	170 
2096	28 
2097	120 
2098	177 
2099	60 
2100	167 
2101	134 
2102	149 
2103	66 
2104	38 
2105	67 
2106	79 
2107	75 
2108	97 
2109	79 
2110	160 
2111	89 
2112	10 
2113	104 
2114	113 
2115	3 
2116	87 
2117	11 
2118	84 
2119	66 
2120	55 
2121	51 
2122	41 
2123	9 
2124	169 
2125	158 
2126	150 
2127	125 
2128	69 
2129	89 
2130	130 
2131	19 
2132	43 
2133	165 
2134	153 
2135	19 
2136	107 
2137	149 
2138	43 
2139	178 
2140	124 
2141	157 
2142	2 
2143	95 
2144	7 
2145	46 
2146	44 
2147	29 
2148	168 
2149	65 
2150	155 
2151	156 
2152	107 
2153	46 
2154	153 
2155	57 
2156	125 
2157	30 
2158	157 
2159	7 
2160	44 
2161	22 
2162	181 
2163	106 
2164	116 
2165	123 
2166	14 
2167	174 
2168	96 
2169	117 
2170	44 
2171	41 
2172	114 
2173	157 
2174	100 
2175	114 
2176	51 
2177	18 
2178	155 
2179	56 
2180	60 
2181	159 
2182	11 
2183	66 
2184	35 
2185	124 
2186	130 
2187	120 
2188	112 
2189	53 
2190	93 
2191	43 
2192	27 
2193	93 
2194	34 
2195	97 
2196	112 
2197	105 
2198	44 
2199	97 
2200	152 
2201	57 
2202	60 
2203	13 
2204	144 
2205	104 
2206	76 
2207	101 
2208	104 
2209	182 
2210	31 
2211	69 
2212	3 
2213	18 
2214	154 
2215	60 
2216	162 
2217	18 
2218	20 
2219	80 
2220	23 
2221	41 
2222	5 
2223	49 
2224	92 
2225	85 
2226	80 
2227	10 
2228	176 
2229	160 
2230	6 
2231	164 
2232	150 
2233	66 
2234	38 
2235	164 
2236	9 
2237	95 
2238	167 
2239	54 
2240	79 
2241	36 
2242	110 
2243	36 
2244	69 
2245	164 
2246	140 
2247	68 
2248	21 
2249	8 
2250	64 
2251	26 
2252	100 
2253	38 
2254	166 
2255	38 
2256	32 
2257	141 
2258	112 
2259	101 
2260	174 
2261	107 
2262	59 
2263	32 
2264	147 
2265	98 
2266	126 
2267	107 
2268	64 
2269	8 
2270	79 
2271	76 
2272	128 
2273	122 
2274	95 
2275	110 
2276	65 
2277	60 
2278	180 
2279	12 
2280	130 
2281	147 
2282	142 
2283	148 
2284	127 
2285	45 
2286	35 
2287	141 
2288	48 
2289	48 
2290	162 
2291	98 
2292	121 
2293	48 
2294	129 
2295	170 
2296	66 
2297	36 
2298	93 
2299	141 
2300	5 
2301	61 
2302	49 
2303	179 
2304	160 
2305	12 
2306	142 
2307	69 
2308	41 
2309	70 
2310	85 
2311	160 
2312	30 
2313	60 
2314	56 
2315	181 
2316	122 
2317	135 
2318	99 
2319	182 
2320	4 
2321	134 
2322	44 
2323	75 
2324	82 
2325	107 
2326	46 
2327	76 
2328	39 
2329	66 
2330	21 
2331	157 
2332	94 
2333	60 
2334	138 
2335	51 
2336	155 
2337	134 
2338	158 
2339	80 
2340	143 
2341	25 
2342	107 
2343	101 
2344	42 
2345	133 
2346	107 
2347	3 
2348	43 
2349	160 
2350	21 
2351	16 
2352	3 
2353	124 
2354	153 
2355	142 
2356	116 
2357	67 
2358	8 
2359	32 
2360	138 
2361	14 
2362	126 
2363	167 
2364	45 
2365	132 
2366	159 
2367	153 
2368	36 
2369	57 
2370	167 
2371	12 
2372	174 
2373	99 
2374	114 
2375	89 
2376	116 
2377	86 
2378	19 
2379	110 
2380	8 
2381	124 
2382	116 
2383	168 
2384	105 
2385	90 
2386	87 
2387	168 
2388	33 
2389	69 
2390	8 
2391	168 
2392	65 
2393	82 
2394	9 
2395	81 
2396	155 
2397	94 
2398	90 
2399	155 
2400	110 
2401	54 
2402	163 
2403	8 
2404	93 
2405	141 
2406	158 
2407	82 
2408	104 
2409	118 
2410	84 
2411	127 
2412	45 
2413	167 
2414	55 
2415	23 
2416	74 
2417	77 
2418	151 
2419	160 
2420	52 
2421	14 
2422	56 
2423	123 
2424	14 
2425	85 
2426	32 
2427	174 
2428	74 
2429	69 
2430	84 
2431	135 
2432	36 
2433	154 
2434	74 
2435	114 
2436	41 
2437	71 
2438	23 
2439	162 
2440	41 
2441	39 
2442	93 
2443	165 
2444	5 
2445	14 
2446	24 
2447	8 
2448	120 
2449	36 
2450	168 
2451	174 
2452	12 
2453	131 
2454	28 
2455	105 
2456	114 
2457	49 
2458	177 
2459	165 
2460	6 
2461	166 
2462	92 
2463	89 
2464	41 
2465	20 
2466	28 
2467	141 
2468	12 
2469	2 
2470	52 
2471	31 
2472	18 
2473	36 
2474	131 
2475	1 
2476	152 
2477	124 
2478	70 
2479	143 
2480	39 
2481	148 
2482	126 
2483	182 
2484	25 
2485	37 
2486	58 
2487	154 
2488	172 
2489	99 
2490	112 
2491	102 
2492	65 
2493	110 
2494	124 
2495	38 
2496	142 
2497	39 
2498	20 
2499	32 
2500	51 
2501	29 
2502	154 
2503	106 
2504	7 
2505	48 
2506	75 
2507	128 
2508	161 
2509	30 
2510	54 
2511	120 
2512	26 
2513	12 
2514	102 
2515	144 
2516	60 
2517	82 
2518	95 
2519	26 
2520	97 
2521	147 
2522	148 
2523	45 
2524	17 
2525	163 
2526	19 
2527	13 
2528	21 
2529	112 
2530	165 
2531	160 
2532	117 
2533	4 
2534	24 
2535	168 
2536	152 
2537	120 
2538	33 
2539	176 
2540	27 
2541	53 
2542	59 
2543	170 
2544	167 
2545	4 
2546	1 
2547	171 
2548	142 
2549	29 
2550	30 
2551	94 
2552	53 
2553	88 
2554	20 
2555	95 
2556	49 
2557	86 
2558	142 
2559	116 
2560	51 
2561	178 
2562	127 
2563	20 
2564	140 
2565	84 
2566	59 
2567	56 
2568	40 
2569	107 
2570	100 
2571	159 
2572	10 
2573	155 
2574	14 
2575	67 
2576	97 
2577	121 
2578	55 
2579	79 
2580	73 
2581	25 
2582	135 
2583	29 
2584	4 
2585	6 
2586	151 
2587	3 
2588	81 
2589	142 
2590	67 
2591	81 
2592	144 
2593	146 
2594	100 
2595	56 
2596	79 
2597	107 
2598	32 
2599	25 
2600	106 
2601	160 
2602	42 
2603	132 
2604	91 
2605	96 
2606	64 
2607	24 
2608	35 
2609	91 
2610	58 
2611	75 
2612	80 
2613	158 
2614	174 
2615	115 
2616	29 
2617	28 
2618	106 
2619	115 
2620	8 
2621	78 
2622	28 
2623	173 
2624	104 
2625	145 
2626	13 
2627	36 
2628	13 
2629	21 
2630	136 
2631	145 
2632	4 
2633	79 
2634	170 
2635	25 
2636	57 
2637	46 
2638	85 
2639	140 
2640	94 
2641	11 
2642	95 
2643	62 
2644	167 
2645	117 
2646	105 
2647	181 
2648	122 
2649	65 
2650	85 
2651	10 
2652	147 
2653	180 
2654	18 
2655	71 
2656	55 
2657	146 
2658	81 
2659	31 
2660	74 
2661	138 
2662	126 
2663	109 
2664	125 
2665	157 
2666	150 
2667	124 
2668	113 
2669	46 
2670	151 
2671	181 
2672	141 
2673	141 
2674	168 
2675	76 
2676	57 
2677	47 
2678	65 
2679	123 
2680	29 
2681	75 
2682	125 
2683	65 
2684	76 
2685	111 
2686	17 
2687	55 
2688	11 
2689	41 
2690	36 
2691	30 
2692	52 
2693	67 
2694	130 
2695	49 
2696	116 
2697	26 
2698	69 
2699	51 
2700	119 
2701	38 
2702	168 
2703	177 
2704	42 
2705	134 
2706	135 
2707	64 
2708	5 
2709	124 
2710	17 
2711	16 
2712	118 
2713	53 
2714	140 
2715	115 
2716	47 
2717	139 
2718	97 
2719	60 
2720	13 
2721	7 
2722	80 
2723	51 
2724	142 
2725	157 
2726	115 
2727	80 
2728	124 
2729	153 
2730	160 
2731	75 
2732	109 
2733	82 
2734	141 
2735	4 
2736	176 
2737	86 
2738	92 
2739	41 
2740	92 
2741	31 
2742	8 
2743	177 
2744	151 
2745	7 
2746	105 
2747	26 
2748	151 
2749	155 
2750	54 
2751	172 
2752	86 
2753	60 
2754	86 
2755	36 
2756	7 
2757	55 
2758	161 
2759	95 
2760	143 
2761	132 
2762	177 
2763	20 
2764	118 
2765	23 
2766	182 
2767	73 
2768	124 
2769	55 
2770	14 
2771	92 
2772	91 
2773	73 
2774	93 
2775	174 
2776	17 
2777	157 
2778	45 
2779	59 
2780	20 
2781	47 
2782	132 
2783	63 
2784	166 
2785	89 
2786	66 
2787	115 
2788	113 
2789	1 
2790	123 
2791	101 
2792	80 
2793	20 
2794	111 
2795	69 
2796	62 
2797	86 
2798	27 
2799	34 
2800	14 
2801	49 
2802	22 
2803	9 
2804	20 
2805	22 
2806	135 
2807	140 
2808	157 
2809	72 
2810	81 
2811	136 
2812	98 
2813	160 
2814	117 
2815	121 
2816	168 
2817	139 
2818	92 
2819	149 
2820	22 
2821	130 
2822	45 
2823	50 
2824	111 
2825	114 
2826	111 
2827	96 
2828	59 
2829	47 
2830	80 
2831	81 
2832	87 
2833	120 
2834	70 
2835	159 
2836	86 
2837	86 
2838	50 
2839	63 
2840	176 
2841	167 
2842	41 
2843	155 
2844	143 
2845	124 
2846	12 
2847	91 
2848	51 
2849	36 
2850	132 
2851	158 
2852	80 
2853	162 
2854	1 
2855	46 
2856	137 
2857	123 
2858	176 
2859	30 
2860	171 
2861	110 
2862	12 
2863	84 
2864	162 
2865	172 
2866	159 
2867	154 
2868	42 
2869	68 
2870	116 
2871	130 
2872	28 
2873	126 
2874	118 
2875	104 
2876	94 
2877	73 
2878	162 
2879	89 
2880	152 
2881	74 
2882	165 
2883	129 
2884	80 
2885	7 
2886	113 
2887	71 
2888	30 
2889	53 
2890	55 
2891	60 
2892	118 
2893	144 
2894	166 
2895	181 
2896	84 
2897	5 
2898	117 
2899	57 
2900	59 
2901	102 
2902	130 
2903	3 
2904	178 
2905	131 
2906	85 
2907	177 
2908	68 
2909	125 
2910	118 
2911	33 
2912	9 
2913	34 
2914	148 
2915	50 
2916	167 
2917	39 
2918	166 
2919	92 
2920	9 
2921	165 
2922	96 
2923	71 
2924	129 
2925	110 
2926	171 
2927	53 
2928	21 
2929	47 
2930	36 
2931	64 
2932	6 
2933	3 
2934	72 
2935	89 
2936	27 
2937	16 
2938	87 
2939	56 
2940	77 
2941	53 
2942	93 
2943	26 
2944	50 
2945	182 
2946	32 
2947	2 
2948	36 
2949	111 
2950	65 
2951	174 
2952	11 
2953	18 
2954	102 
2955	42 
2956	126 
2957	148 
2958	3 
2959	146 
2960	87 
2961	102 
2962	33 
2963	30 
2964	5 
2965	82 
2966	18 
2967	8 
2968	53 
2969	23 
2970	34 
2971	36 
2972	24 
2973	97 
2974	11 
2975	93 
2976	59 
2977	169 
2978	59 
2979	56 
2980	128 
2981	19 
2982	104 
2983	47 
2984	137 
2985	53 
2986	6 
2987	24 
2988	129 
2989	82 
2990	133 
2991	151 
2992	119 
2993	38 
2994	50 
2995	4 
2996	101 
2997	21 
2998	70 
2999	128 
3000	157 
3001	47 
3002	11 
3003	30 
3004	115 
3005	121 
3006	53 
3007	48 
3008	15 
3009	111 
3010	9 
3011	10 
3012	131 
3013	85 
3014	124 
3015	41 
3016	129 
3017	10 
3018	67 
3019	117 
3020	30 
3021	62 
3022	5 
3023	138 
3024	31 
3025	21 
3026	56 
3027	159 
3028	36 
3029	160 
3030	100 
3031	161 
3032	161 
3033	79 
3034	138 
3035	46 
3036	75 
3037	170 
3038	81 
3039	108 
3040	4 
3041	122 
3042	3 
3043	166 
3044	174 
3045	127 
3046	9 
3047	14 
3048	170 
3049	45 
3050	9 
3051	181 
3052	144 
3053	57 
3054	144 
3055	48 
3056	154 
3057	38 
3058	148 
3059	38 
3060	128 
3061	27 
3062	49 
3063	141 
3064	29 
3065	49 
3066	177 
3067	55 
3068	143 
3069	162 
3070	12 
3071	80 
3072	15 
3073	43 
3074	152 
3075	181 
3076	2 
3077	30 
3078	135 
3079	12 
3080	120 
3081	82 
3082	149 
3083	2 
3084	7 
3085	35 
3086	126 
3087	47 
3088	13 
3089	130 
3090	54 
3091	8 
3092	81 
3093	120 
3094	175 
3095	119 
3096	133 
3097	83 
3098	160 
3099	146 
3100	49 
3101	42 
3102	134 
3103	78 
3104	142 
3105	100 
3106	178 
3107	40 
3108	4 
3109	6 
3110	177 
3111	115 
3112	71 
3113	123 
3114	130 
3115	52 
3116	62 
3117	13 
3118	96 
3119	93 
3120	71 
3121	77 
3122	72 
3123	82 
3124	82 
3125	99 
3126	171 
3127	70 
3128	15 
3129	64 
3130	139 
3131	115 
3132	8 
3133	92 
3134	61 
3135	71 
3136	174 
3137	137 
3138	159 
3139	25 
3140	166 
3141	12 
3142	124 
3143	166 
3144	119 
3145	151 
3146	32 
3147	2 
3148	156 
3149	26 
3150	122 
3151	44 
3152	78 
3153	88 
3154	88 
3155	2 
3156	179 
3157	179 
3158	173 
3159	78 
3160	17 
3161	57 
3162	182 
3163	82 
3164	152 
3165	104 
3166	80 
3167	177 
3168	20 
3169	71 
3170	26 
3171	178 
3172	176 
3173	9 
3174	87 
3175	20 
3176	133 
3177	94 
3178	151 
3179	29 
3180	2 
3181	135 
3182	175 
3183	125 
3184	61 
3185	156 
3186	102 
3187	99 
3188	51 
3189	9 
3190	50 
3191	173 
3192	152 
3193	30 
3194	74 
3195	182 
3196	153 
3197	68 
3198	28 
3199	47 
3200	151 
3201	134 
3202	3 
3203	169 
3204	102 
3205	161 
3206	89 
3207	144 
3208	99 
3209	33 
3210	85 
3211	162 
3212	160 
3213	119 
3214	167 
3215	9 
3216	95 
3217	58 
3218	33 
3219	37 
3220	87 
3221	119 
3222	172 
3223	98 
3224	57 
3225	92 
3226	182 
3227	179 
3228	145 
3229	152 
3230	151 
3231	17 
3232	2 
3233	5 
3234	16 
3235	129 
3236	178 
3237	32 
3238	33 
3239	175 
3240	172 
3241	151 
3242	168 
3243	66 
3244	167 
3245	147 
3246	161 
3247	170 
3248	110 
3249	91 
3250	98 
3251	169 
3252	19 
3253	151 
3254	6 
3255	136 
3256	175 
3257	12 
3258	55 
3259	141 
3260	81 
3261	151 
3262	86 
3263	86 
3264	159 
3265	49 
3266	101 
3267	25 
3268	11 
3269	150 
3270	40 
3271	106 
3272	158 
3273	159 
3274	88 
3275	48 
3276	147 
3277	136 
3278	127 
3279	125 
3280	56 
3281	69 
3282	44 
3283	63 
3284	2 
3285	104 
3286	58 
3287	43 
3288	65 
3289	101 
3290	155 
3291	135 
3292	130 
3293	66 
3294	105 
3295	7 
3296	10 
3297	151 
3298	13 
3299	81 
3300	177 
3301	30 
3302	159 
3303	175 
3304	25 
3305	98 
3306	74 
3307	78 
3308	143 
3309	146 
3310	23 
3311	100 
3312	179 
3313	24 
3314	37 
3315	32 
3316	177 
3317	7 
3318	3 
3319	161 
3320	162 
3321	69 
3322	4 
3323	10 
3324	12 
3325	140 
3326	34 
3327	180 
3328	167 
3329	67 
3330	127 
3331	180 
3332	92 
3333	142 
3334	42 
3335	114 
3336	105 
3337	137 
3338	139 
3339	162 
3340	74 
3341	117 
3342	4 
3343	29 
3344	42 
3345	181 
3346	156 
3347	76 
3348	52 
3349	83 
3350	178 
3351	125 
3352	50 
3353	124 
3354	155 
3355	140 
3356	5 
3357	51 
3358	161 
3359	78 
3360	6 
3361	118 
3362	17 
3363	46 
3364	120 
3365	18 
3366	3 
3367	152 
3368	105 
3369	100 
3370	134 
3371	48 
3372	127 
3373	176 
3374	15 
3375	141 
3376	115 
3377	20 
3378	9 
3379	50 
3380	156 
3381	55 
3382	145 
3383	98 
3384	84 
3385	122 
3386	174 
3387	2 
3388	120 
3389	77 
3390	14 
3391	41 
3392	123 
3393	126 
3394	26 
3395	82 
3396	13 
3397	26 
3398	95 
3399	180 
3400	100 
3401	160 
3402	125 
3403	16 
3404	70 
3405	78 
3406	46 
3407	9 
3408	175 
3409	56 
3410	149 
3411	88 
3412	140 
3413	52 
3414	75 
3415	103 
3416	84 
3417	146 
3418	87 
3419	159 
3420	180 
3421	68 
3422	71 
3423	130 
3424	51 
3425	123 
3426	126 
3427	113 
3428	61 
3429	51 
3430	51 
3431	12 
3432	156 
3433	37 
3434	174 
3435	86 
3436	136 
3437	123 
3438	112 
3439	17 
3440	160 
3441	148 
3442	144 
3443	56 
3444	150 
3445	68 
3446	140 
3447	38 
3448	10 
3449	72 
3450	89 
3451	98 
3452	180 
3453	81 
3454	177 
3455	100 
3456	41 
3457	7 
3458	46 
3459	92 
3460	76 
3461	139 
3462	112 
3463	45 
3464	114 
3465	106 
3466	117 
3467	129 
3468	36 
3469	169 
3470	140 
3471	66 
3472	81 
3473	45 
3474	127 
3475	154 
3476	99 
3477	9 
3478	84 
3479	115 
3480	136 
3481	86 
3482	170 
3483	163 
3484	117 
3485	130 
3486	89 
3487	97 
3488	81 
3489	107 
3490	51 
3491	79 
3492	98 
3493	100 
3494	72 
3495	177 
3496	14 
3497	142 
3498	179 
3499	160 
3500	110 
3501	38 
3502	55 
3503	16 
3504	26 
3505	54 
3506	107 
3507	62 
3508	11 
3509	120 
3510	137 
3511	31 
3512	83 
3513	97 
3514	82 
3515	94 
3516	70 
3517	94 
3518	140 
3519	49 
3520	2 
3521	40 
3522	70 
3523	57 
3524	36 
3525	75 
3526	65 
3527	37 
3528	19 
3529	116 
3530	75 
3531	43 
3532	152 
3533	126 
3534	3 
3535	174 
3536	50 
3537	117 
3538	141 
3539	25 
3540	116 
3541	140 
3542	38 
3543	50 
3544	21 
3545	33 
3546	153 
3547	104 
3548	165 
3549	95 
3550	99 
3551	14 
3552	166 
3553	25 
3554	111 
3555	177 
3556	180 
3557	9 
3558	82 
3559	152 
3560	14 
3561	106 
3562	113 
3563	138 
3564	13 
3565	142 
3566	56 
3567	74 
3568	81 
3569	120 
3570	136 
3571	111 
3572	101 
3573	52 
3574	33 
3575	57 
3576	180 
3577	12 
3578	160 
3579	69 
3580	118 
3581	118 
3582	29 
3583	128 
3584	67 
3585	111 
3586	101 
3587	60 
3588	9 
3589	71 
3590	127 
3591	156 
3592	47 
3593	3 
3594	68 
3595	49 
3596	55 
3597	3 
3598	32 
3599	64 
3600	104 
3601	94 
3602	52 
3603	171 
3604	50 
3605	159 
3606	56 
3607	21 
3608	21 
3609	97 
3610	47 
3611	141 
3612	3 
3613	14 
3614	4 
3615	112 
3616	26 
3617	156 
3618	87 
3619	53 
3620	70 
3621	88 
3622	128 
3623	93 
3624	100 
3625	154 
3626	136 
3627	159 
3628	49 
3629	31 
3630	139 
3631	40 
3632	130 
3633	35 
3634	148 
3635	125 
3636	60 
3637	73 
3638	49 
3639	95 
3640	117 
3641	84 
3642	77 
3643	137 
3644	109 
3645	118 
3646	97 
3647	47 
3648	31 
3649	36 
3650	119 
3651	70 
3652	129 
3653	20 
3654	85 
3655	124 
3656	61 
3657	156 
3658	141 
3659	73 
3660	2 
3661	160 
3662	167 
3663	181 
3664	151 
3665	23 
3666	95 
3667	23 
3668	170 
3669	60 
3670	162 
3671	36 
3672	115 
3673	181 
3674	123 
3675	111 
3676	52 
3677	69 
3678	13 
3679	123 
3680	70 
3681	43 
3682	102 
3683	25 
3684	13 
3685	165 
3686	12 
3687	38 
3688	162 
3689	116 
3690	115 
3691	92 
3692	138 
3693	152 
3694	150 
3695	157 
3696	152 
3697	178 
3698	75 
3699	81 
3700	97 
3701	17 
3702	83 
3703	7 
3704	62 
3705	181 
3706	36 
3707	149 
3708	134 
3709	155 
3710	119 
3711	13 
3712	32 
3713	66 
3714	120 
3715	140 
3716	125 
3717	105 
3718	35 
3719	150 
3720	83 
3721	146 
3722	123 
3723	77 
3724	82 
3725	19 
3726	52 
3727	46 
3728	74 
3729	16 
3730	139 
3731	101 
3732	45 
3733	80 
3734	179 
3735	4 
3736	181 
3737	175 
3738	177 
3739	53 
3740	83 
3741	35 
3742	24 
3743	137 
3744	73 
3745	7 
3746	136 
3747	135 
3748	68 
3749	108 
3750	111 
3751	167 
3752	12 
3753	84 
3754	105 
3755	34 
3756	147 
3757	51 
3758	125 
3759	175 
3760	174 
3761	178 
3762	175 
3763	110 
3764	54 
3765	132 
3766	47 
3767	68 
3768	59 
3769	117 
3770	98 
3771	129 
3772	60 
3773	155 
3774	97 
3775	12 
3776	142 
3777	74 
3778	57 
3779	32 
3780	48 
3781	85 
3782	76 
3783	60 
3784	76 
3785	126 
3786	42 
3787	37 
3788	124 
3789	9 
3790	149 
3791	31 
3792	59 
3793	114 
3794	111 
3795	26 
3796	13 
3797	21 
3798	56 
3799	2 
3800	70 
3801	101 
3802	150 
3803	4 
3804	103 
3805	104 
3806	54 
3807	174 
3808	81 
3809	23 
3810	129 
3811	135 
3812	164 
3813	179 
3814	55 
3815	111 
3816	173 
3817	52 
3818	93 
3819	176 
3820	124 
3821	105 
3822	157 
3823	2 
3824	20 
3825	95 
3826	182 
3827	155 
3828	96 
3829	173 
3830	167 
3831	163 
3832	9 
3833	120 
3834	142 
3835	111 
3836	20 
3837	129 
3838	170 
3839	150 
3840	47 
3841	166 
3842	132 
3843	75 
3844	117 
3845	140 
3846	42 
3847	105 
3848	5 
3849	174 
3850	22 
3851	88 
3852	150 
3853	89 
3854	130 
3855	131 
3856	178 
3857	29 
3858	123 
3859	8 
3860	57 
3861	79 
3862	152 
3863	60 
3864	42 
3865	20 
3866	47 
3867	118 
3868	108 
3869	178 
3870	8 
3871	73 
3872	114 
3873	67 
3874	85 
3875	165 
3876	115 
3877	116 
3878	102 
3879	111 
3880	64 
3881	65 
3882	153 
3883	31 
3884	85 
3885	29 
3886	46 
3887	32 
3888	98 
3889	112 
3890	115 
3891	146 
3892	35 
3893	127 
3894	43 
3895	126 
3896	6 
3897	88 
3898	65 
3899	152 
3900	107 
3901	70 
3902	25 
3903	14 
3904	94 
3905	167 
3906	121 
3907	89 
3908	148 
3909	163 
3910	83 
3911	32 
3912	16 
3913	104 
3914	90 
3915	31 
3916	99 
3917	115 
3918	113 
3919	21 
3920	1 
3921	134 
3922	45 
3923	79 
3924	124 
3925	25 
3926	52 
3927	168 
3928	25 
3929	135 
3930	124 
3931	26 
3932	155 
3933	168 
3934	33 
3935	91 
3936	71 
3937	142 
3938	61 
3939	85 
3940	144 
3941	112 
3942	84 
3943	105 
3944	4 
3945	142 
3946	146 
3947	162 
3948	86 
3949	153 
3950	164 
3951	151 
3952	141 
3953	19 
3954	131 
3955	85 
3956	65 
3957	114 
3958	153 
3959	177 
3960	43 
3961	122 
3962	136 
3963	118 
3964	73 
3965	169 
3966	71 
3967	181 
3968	4 
3969	42 
3970	27 
3971	62 
3972	44 
3973	172 
3974	12 
3975	170 
3976	56 
3977	66 
3978	156 
3979	110 
3980	57 
3981	30 
3982	173 
3983	53 
3984	5 
3985	33 
3986	14 
3987	138 
3988	181 
3989	75 
3990	151 
3991	91 
3992	155 
3993	31 
3994	85 
3995	23 
3996	136 
3997	115 
3998	4 
3999	110 
4000	60 
4001	7 
4002	48 
4003	99 
4004	155 
4005	92 
4006	53 
4007	124 
4008	80 
4009	35 
4010	175 
4011	122 
4012	134 
4013	30 
4014	148 
4015	115 
4016	12 
4017	33 
4018	15 
4019	159 
4020	178 
4021	12 
4022	47 
4023	60 
4024	52 
4025	124 
4026	5 
4027	27 
4028	10 
4029	104 
4030	157 
4031	148 
4032	9 
4033	64 
4034	36 
4035	3 
4036	38 
4037	107 
4038	167 
4039	109 
4040	2 
4041	142 
4042	4 
4043	6 
4044	17 
4045	117 
4046	165 
4047	3 
4048	25 
4049	135 
4050	80 
4051	175 
4052	78 
4053	6 
4054	69 
4055	36 
4056	82 
4057	1 
4058	47 
4059	5 
4060	10 
4061	140 
4062	124 
4063	101 
4064	182 
4065	180 
4066	33 
4067	178 
4068	104 
4069	49 
4070	32 
4071	18 
4072	157 
4073	103 
4074	24 
4075	89 
4076	8 
4077	40 
4078	135 
4079	26 
4080	20 
4081	48 
4082	46 
4083	104 
4084	51 
4085	39 
4086	85 
4087	28 
4088	56 
4089	38 
4090	50 
4091	164 
4092	73 
4093	75 
4094	150 
4095	48 
4096	23 
4097	104 
4098	89 
4099	96 
4100	3 
4101	119 
4102	67 
4103	48 
4104	98 
4105	67 
4106	99 
4107	161 
4108	110 
4109	177 
4110	55 
4111	171 
4112	105 
4113	60 
4114	17 
4115	15 
4116	18 
4117	131 
4118	105 
4119	69 
4120	88 
4121	154 
4122	35 
4123	133 
4124	94 
4125	132 
4126	123 
4127	3 
4128	68 
4129	100 
4130	130 
4131	164 
4132	122 
4133	92 
4134	81 
4135	144 
4136	139 
4137	91 
4138	36 
4139	100 
4140	152 
4141	119 
4142	131 
4143	82 
4144	114 
4145	149 
4146	101 
4147	168 
4148	53 
4149	51 
4150	3 
4151	1 
4152	74 
4153	67 
4154	71 
4155	43 
4156	130 
4157	31 
4158	57 
4159	4 
4160	151 
4161	163 
4162	63 
4163	152 
4164	67 
4165	95 
4166	104 
4167	18 
4168	123 
4169	58 
4170	60 
4171	89 
4172	8 
4173	75 
4174	166 
4175	169 
4176	44 
4177	6 
4178	61 
4179	127 
4180	160 
4181	53 
4182	128 
4183	111 
4184	109 
4185	63 
4186	92 
4187	139 
4188	81 
4189	43 
4190	11 
4191	111 
4192	54 
4193	70 
4194	73 
4195	52 
4196	84 
4197	156 
4198	28 
4199	80 
4200	49 
4201	95 
4202	34 
4203	182 
4204	130 
4205	49 
4206	167 
4207	28 
4208	22 
4209	104 
4210	18 
4211	79 
4212	167 
4213	51 
4214	20 
4215	159 
4216	162 
4217	66 
4218	99 
4219	80 
4220	145 
4221	145 
4222	78 
4223	65 
4224	137 
4225	109 
4226	106 
4227	61 
4228	38 
4229	49 
4230	97 
4231	148 
4232	68 
4233	130 
4234	85 
4235	118 
4236	160 
4237	151 
4238	49 
4239	123 
4240	117 
4241	3 
4242	97 
4243	85 
4244	3 
4245	112 
4246	53 
4247	163 
4248	34 
4249	180 
4250	130 
4251	141 
4252	13 
4253	114 
4254	81 
4255	124 
4256	80 
4257	50 
4258	138 
4259	2 
4260	165 
4261	179 
4262	10 
4263	166 
4264	79 
4265	109 
4266	88 
4267	25 
4268	90 
4269	166 
4270	41 
4271	149 
4272	90 
4273	166 
4274	68 
4275	120 
4276	133 
4277	164 
4278	155 
4279	98 
4280	13 
4281	43 
4282	106 
4283	181 
4284	32 
4285	133 
4286	5 
4287	109 
4288	78 
4289	89 
4290	30 
4291	47 
4292	105 
4293	82 
4294	34 
4295	50 
4296	110 
4297	119 
4298	102 
4299	42 
4300	13 
4301	43 
4302	46 
4303	4 
4304	150 
4305	165 
4306	158 
4307	9 
4308	29 
4309	89 
4310	49 
4311	154 
4312	7 
4313	84 
4314	145 
4315	160 
4316	7 
4317	89 
4318	67 
4319	73 
4320	131 
4321	120 
4322	26 
4323	162 
4324	170 
4325	59 
4326	130 
4327	166 
4328	155 
4329	62 
4330	36 
4331	60 
4332	12 
4333	135 
4334	6 
4335	115 
4336	38 
4337	88 
4338	51 
4339	55 
4340	8 
4341	147 
4342	83 
4343	171 
4344	172 
4345	23 
4346	17 
4347	118 
4348	155 
4349	177 
4350	9 
4351	23 
4352	69 
4353	62 
4354	6 
4355	99 
4356	70 
4357	182 
4358	12 
4359	164 
4360	108 
4361	138 
4362	99 
4363	60 
4364	127 
4365	17 
4366	98 
4367	94 
4368	134 
4369	141 
4370	25 
4371	46 
4372	84 
4373	135 
4374	47 
4375	174 
4376	40 
4377	3 
4378	154 
4379	76 
4380	52 
4381	126 
4382	41 
4383	181 
4384	148 
4385	91 
4386	87 
4387	70 
4388	31 
4389	121 
4390	107 
4391	156 
4392	27 
4393	122 
4394	8 
4395	131 
4396	141 
4397	43 
4398	176 
4399	157 
4400	50 
4401	20 
4402	103 
4403	8 
4404	112 
4405	140 
4406	177 
4407	80 
4408	164 
4409	64 
4410	95 
4411	12 
4412	133 
4413	116 
4414	105 
4415	1 
4416	169 
4417	17 
4418	75 
4419	178 
4420	173 
4421	110 
4422	157 
4423	147 
4424	45 
4425	99 
4426	91 
4427	118 
4428	8 
4429	55 
4430	54 
4431	8 
4432	91 
4433	35 
4434	70 
4435	76 
4436	26 
4437	23 
4438	29 
4439	12 
4440	119 
4441	48 
4442	135 
4443	143 
4444	46 
4445	74 
4446	24 
4447	22 
4448	152 
4449	40 
4450	100 
4451	115 
4452	135 
4453	181 
4454	9 
4455	102 
4456	38 
4457	17 
4458	166 
4459	89 
4460	101 
4461	28 
4462	5 
4463	115 
4464	177 
4465	171 
4466	13 
4467	51 
4468	97 
4469	100 
4470	103 
4471	160 
4472	50 
4473	158 
4474	113 
4475	70 
4476	90 
4477	127 
4478	53 
4479	106 
4480	13 
4481	178 
4482	28 
4483	18 
4484	163 
4485	85 
4486	126 
4487	90 
4488	11 
4489	115 
4490	71 
4491	178 
4492	165 
4493	150 
4494	100 
4495	71 
4496	62 
4497	68 
4498	12 
4499	164 
4500	32 
4501	11 
4502	73 
4503	49 
4504	37 
4505	30 
4506	37 
4507	112 
4508	46 
4509	89 
4510	178 
4511	130 
4512	39 
4513	93 
4514	1 
4515	53 
4516	64 
4517	153 
4518	60 
4519	86 
4520	76 
4521	12 
4522	99 
4523	112 
4524	133 
4525	114 
4526	170 
4527	147 
4528	162 
4529	2 
4530	148 
4531	118 
4532	123 
4533	177 
4534	168 
4535	152 
4536	17 
4537	59 
4538	155 
4539	7 
4540	135 
4541	83 
4542	24 
4543	102 
4544	75 
4545	119 
4546	104 
4547	8 
4548	132 
4549	30 
4550	52 
4551	51 
4552	57 
4553	91 
4554	67 
4555	145 
4556	19 
4557	113 
4558	4 
4559	84 
4560	17 
4561	165 
4562	37 
4563	111 
4564	30 
4565	144 
4566	82 
4567	85 
4568	133 
4569	22 
4570	63 
4571	142 
4572	115 
4573	4 
4574	117 
4575	71 
4576	42 
4577	94 
4578	135 
4579	118 
4580	172 
4581	109 
4582	50 
4583	135 
4584	165 
4585	57 
4586	44 
4587	154 
4588	105 
4589	120 
4590	12 
4591	151 
4592	100 
4593	39 
4594	89 
4595	114 
4596	34 
4597	177 
4598	168 
4599	16 
4600	108 
4601	113 
4602	157 
4603	18 
4604	177 
4605	180 
4606	56 
4607	47 
4608	161 
4609	12 
4610	40 
4611	134 
4612	21 
4613	11 
4614	161 
4615	81 
4616	168 
4617	93 
4618	99 
4619	50 
4620	145 
4621	4 
4622	142 
4623	157 
4624	49 
4625	178 
4626	54 
4627	34 
4628	125 
4629	39 
4630	130 
4631	144 
4632	111 
4633	135 
4634	34 
4635	93 
4636	100 
4637	156 
4638	21 
4639	61 
4640	156 
4641	154 
4642	148 
4643	167 
4644	60 
4645	140 
4646	76 
4647	96 
4648	54 
4649	16 
4650	85 
4651	126 
4652	174 
4653	70 
4654	4 
4655	70 
4656	22 
4657	155 
4658	108 
4659	134 
4660	12 
4661	160 
4662	18 
4663	88 
4664	27 
4665	177 
4666	120 
4667	44 
4668	12 
4669	30 
4670	11 
4671	114 
4672	111 
4673	62 
4674	171 
4675	84 
4676	87 
4677	141 
4678	141 
4679	62 
4680	111 
4681	46 
4682	52 
4683	150 
4684	173 
4685	42 
4686	25 
4687	64 
4688	160 
4689	26 
4690	8 
4691	83 
4692	140 
4693	111 
4694	88 
4695	149 
4696	181 
4697	66 
4698	159 
4699	159 
4700	169 
4701	5 
4702	41 
4703	92 
4704	145 
4705	43 
4706	84 
4707	120 
4708	6 
4709	64 
4710	52 
4711	79 
4712	74 
4713	134 
4714	41 
4715	80 
4716	137 
4717	53 
4718	69 
4719	98 
4720	16 
4721	121 
4722	5 
4723	61 
4724	14 
4725	181 
4726	52 
4727	143 
4728	60 
4729	64 
4730	56 
4731	140 
4732	126 
4733	25 
4734	118 
4735	159 
4736	56 
4737	168 
4738	125 
4739	156 
4740	68 
4741	42 
4742	166 
4743	126 
4744	151 
4745	132 
4746	71 
4747	46 
4748	90 
4749	130 
4750	41 
4751	5 
4752	150 
4753	147 
4754	180 
4755	108 
4756	135 
4757	121 
4758	137 
4759	115 
4760	111 
4761	54 
4762	88 
4763	124 
4764	101 
4765	21 
4766	171 
4767	56 
4768	45 
4769	80 
4770	106 
4771	46 
4772	149 
4773	56 
4774	18 
4775	81 
4776	110 
4777	174 
4778	153 
4779	72 
4780	108 
4781	13 
4782	76 
4783	111 
4784	106 
4785	41 
4786	88 
4787	122 
4788	165 
4789	157 
4790	101 
4791	181 
4792	50 
4793	72 
4794	19 
4795	109 
4796	147 
4797	173 
4798	158 
4799	89 
4800	17 
4801	172 
4802	140 
4803	93 
4804	28 
4805	80 
4806	149 
4807	114 
4808	41 
4809	62 
4810	36 
4811	60 
4812	100 
4813	76 
4814	10 
4815	143 
4816	93 
4817	45 
4818	142 
4819	41 
4820	78 
4821	138 
4822	175 
4823	27 
4824	175 
4825	43 
4826	11 
4827	111 
4828	66 
4829	133 
4830	92 
4831	170 
4832	104 
4833	109 
4834	143 
4835	83 
4836	73 
4837	51 
4838	126 
4839	81 
4840	146 
4841	60 
4842	85 
4843	169 
4844	171 
4845	113 
4846	109 
4847	31 
4848	75 
4849	28 
4850	181 
4851	63 
4852	66 
4853	4 
4854	81 
4855	32 
4856	60 
4857	152 
4858	120 
4859	142 
4860	21 
4861	155 
4862	36 
4863	114 
4864	73 
4865	112 
4866	124 
4867	32 
4868	16 
4869	58 
4870	175 
4871	29 
4872	109 
4873	92 
4874	159 
4875	140 
4876	169 
4877	12 
4878	31 
4879	151 
4880	77 
4881	140 
4882	68 
4883	21 
4884	150 
4885	110 
4886	142 
4887	63 
4888	118 
4889	3 
4890	87 
4891	11 
4892	105 
4893	37 
4894	87 
4895	156 
4896	126 
4897	5 
4898	166 
4899	35 
4900	104 
4901	166 
4902	25 
4903	90 
4904	117 
4905	75 
4906	37 
4907	24 
4908	97 
4909	58 
4910	135 
4911	115 
4912	18 
4913	118 
4914	89 
4915	12 
4916	166 
4917	1 
4918	152 
4919	139 
4920	130 
4921	98 
4922	173 
4923	172 
4924	104 
4925	77 
4926	9 
4927	84 
4928	115 
4929	86 
4930	167 
4931	144 
4932	49 
4933	111 
4934	102 
4935	31 
4936	165 
4937	53 
4938	37 
4939	70 
4940	163 
4941	130 
4942	100 
4943	100 
4944	27 
4945	138 
4946	159 
4947	31 
4948	162 
4949	35 
4950	157 
4951	92 
4952	150 
4953	12 
4954	2 
4955	33 
4956	105 
4957	181 
4958	38 
4959	88 
4960	154 
4961	31 
4962	12 
4963	26 
4964	125 
4965	124 
4966	46 
4967	159 
4968	89 
4969	128 
4970	82 
4971	132 
4972	21 
4973	71 
4974	38 
4975	28 
4976	84 
4977	164 
4978	56 
4979	27 
4980	132 
4981	71 
4982	24 
4983	164 
4984	78 
4985	157 
4986	77 
4987	179 
4988	124 
4989	72 
4990	75 
4991	178 
4992	165 
4993	83 
4994	168 
4995	152 
4996	118 
4997	66 
4998	67 
4999	125 
5000	95 
5001	18 
5002	121 
5003	59 
5004	125 
5005	133 
5006	165 
5007	148 
5008	174 
5009	85 
5010	34 
5011	104 
5012	87 
5013	59 
5014	18 
5015	101 
5016	153 
5017	95 
5018	177 
5019	19 
5020	22 
5021	22 
5022	84 
5023	17 
5024	15 
5025	139 
5026	118 
5027	5 
5028	148 
5029	152 
5030	42 
5031	153 
5032	59 
5033	93 
5034	67 
5035	33 
5036	120 
5037	75 
5038	165 
5039	62 
5040	158 
5041	101 
5042	172 
5043	105 
5044	177 
5045	13 
5046	87 
5047	117 
5048	161 
5049	103 
5050	141 
5051	49 
5052	51 
5053	82 
5054	12 
5055	143 
5056	132 
5057	126 
5058	173 
5059	84 
5060	89 
5061	55 
5062	73 
5063	155 
5064	155 
5065	63 
5066	25 
5067	114 
5068	76 
5069	165 
5070	15 
5071	96 
5072	29 
5073	155 
5074	180 
5075	160 
5076	92 
5077	161 
5078	161 
5079	99 
5080	14 
5081	141 
5082	24 
5083	97 
5084	112 
5085	31 
5086	104 
5087	117 
5088	31 
5089	127 
5090	112 
5091	160 
5092	20 
5093	135 
5094	91 
5095	19 
5096	171 
5097	114 
5098	35 
5099	69 
5100	97 
5101	25 
5102	37 
5103	43 
5104	123 
5105	155 
5106	166 
5107	6 
5108	15 
5109	96 
5110	79 
5111	100 
5112	182 
5113	115 
5114	66 
5115	45 
5116	170 
5117	111 
5118	65 
5119	167 
5120	66 
5121	41 
5122	49 
5123	118 
5124	69 
5125	45 
5126	91 
5127	52 
5128	39 
5129	163 
5130	72 
5131	95 
5132	73 
5133	111 
5134	141 
5135	42 
5136	49 
5137	121 
5138	31 
5139	36 
5140	64 
5141	162 
5142	120 
5143	17 
5144	83 
5145	154 
5146	75 
5147	55 
5148	89 
5149	95 
5150	165 
5151	118 
5152	41 
5153	26 
5154	87 
5155	39 
5156	90 
5157	103 
5158	89 
5159	161 
5160	63 
5161	32 
5162	155 
5163	41 
5164	178 
5165	33 
5166	163 
5167	49 
5168	43 
5169	92 
5170	68 
5171	111 
5172	35 
5173	114 
5174	79 
5175	170 
5176	164 
5177	35 
5178	106 
5179	35 
5180	18 
5181	20 
5182	8 
5183	6 
5184	46 
5185	182 
5186	121 
5187	37 
5188	76 
5189	58 
5190	93 
5191	167 
5192	149 
5193	160 
5194	92 
5195	8 
5196	28 
5197	50 
5198	56 
5199	181 
5200	163 
5201	166 
5202	106 
5203	73 
5204	6 
5205	80 
5206	181 
5207	42 
5208	8 
5209	142 
5210	135 
5211	119 
5212	163 
5213	135 
5214	80 
5215	19 
5216	124 
5217	80 
5218	88 
5219	36 
5220	114 
5221	8 
5222	49 
5223	161 
5224	14 
5225	111 
5226	42 
5227	32 
5228	85 
5229	162 
5230	150 
5231	104 
5232	167 
5233	92 
5234	173 
5235	139 
5236	51 
5237	80 
5238	131 
5239	15 
5240	54 
5241	62 
5242	31 
5243	4 
5244	118 
5245	24 
5246	178 
5247	61 
5248	84 
5249	177 
5250	74 
5251	36 
5252	31 
5253	133 
5254	135 
5255	117 
5256	42 
5257	157 
5258	44 
5259	139 
5260	131 
5261	124 
5262	108 
5263	151 
5264	56 
5265	128 
5266	8 
5267	146 
5268	95 
5269	75 
5270	50 
5271	84 
5272	15 
5273	105 
5274	145 
5275	34 
5276	111 
5277	59 
5278	178 
5279	11 
5280	47 
5281	90 
5282	67 
5283	21 
5284	152 
5285	53 
5286	59 
5287	171 
5288	58 
5289	150 
5290	164 
5291	46 
5292	105 
5293	168 
5294	172 
5295	80 
5296	135 
5297	26 
5298	181 
5299	49 
5300	175 
5301	85 
5302	46 
5303	55 
5304	59 
5305	165 
5306	81 
5307	115 
5308	93 
5309	50 
5310	165 
5311	89 
5312	182 
5313	63 
5314	66 
5315	57 
5316	148 
5317	41 
5318	132 
5319	126 
5320	36 
5321	63 
5322	9 
5323	10 
5324	140 
5325	71 
5326	112 
5327	157 
5328	103 
5329	10 
5330	73 
5331	9 
5332	74 
5333	82 
5334	111 
5335	72 
5336	115 
5337	61 
5338	98 
5339	118 
5340	38 
5341	64 
5342	123 
5343	6 
5344	105 
5345	64 
5346	62 
5347	157 
5348	17 
5349	147 
5350	33 
5351	177 
5352	182 
5353	174 
5354	54 
5355	17 
5356	68 
5357	140 
5358	179 
5359	91 
5360	54 
5361	10 
5362	155 
5363	39 
5364	41 
5365	1 
5366	165 
5367	167 
5368	140 
5369	14 
5370	106 
5371	13 
5372	87 
5373	11 
5374	50 
5375	124 
5376	9 
5377	107 
5378	181 
5379	12 
5380	153 
5381	11 
5382	17 
5383	21 
5384	160 
5385	108 
5386	88 
5387	75 
5388	50 
5389	111 
5390	39 
5391	35 
5392	66 
5393	82 
5394	142 
5395	75 
5396	118 
5397	86 
5398	159 
5399	4 
5400	175 
5401	50 
5402	35 
5403	11 
5404	57 
5405	175 
5406	110 
5407	105 
5408	64 
5409	81 
5410	140 
5411	135 
5412	142 
5413	21 
5414	38 
5415	91 
5416	56 
5417	103 
5418	115 
5419	178 
5420	12 
5421	129 
5422	89 
5423	85 
5424	16 
5425	99 
5426	149 
5427	115 
5428	174 
5429	127 
5430	157 
5431	136 
5432	7 
5433	18 
5434	93 
5435	177 
5436	54 
5437	172 
5438	15 
5439	160 
5440	103 
5441	150 
5442	24 
5443	86 
5444	63 
5445	136 
5446	41 
5447	81 
5448	99 
5449	20 
5450	37 
5451	30 
5452	94 
5453	1 
5454	73 
5455	158 
5456	41 
5457	82 
5458	78 
5459	71 
5460	159 
5461	156 
5462	145 
5463	124 
5464	100 
5465	12 
5466	71 
5467	58 
5468	12 
5469	141 
5470	49 
5471	10 
5472	105 
5473	131 
5474	84 
5475	109 
5476	61 
5477	165 
5478	122 
5479	43 
5480	108 
5481	46 
5482	123 
5483	31 
5484	61 
5485	64 
5486	177 
5487	63 
5488	99 
5489	12 
5490	58 
5491	31 
5492	81 
5493	140 
5494	114 
5495	101 
5496	104 
5497	77 
5498	25 
5499	129 
5500	155 
5501	163 
5502	39 
5503	52 
5504	174 
5505	159 
5506	82 
5507	2 
5508	118 
5509	91 
5510	135 
5511	42 
5512	161 
5513	12 
5514	49 
5515	68 
5516	97 
5517	21 
5518	58 
5519	104 
5520	102 
5521	21 
5522	79 
5523	71 
5524	97 
5525	135 
5526	4 
5527	103 
5528	164 
5529	106 
5530	79 
5531	3 
5532	182 
5533	23 
5534	75 
5535	54 
5536	66 
5537	161 
5538	23 
5539	175 
5540	175 
5541	144 
5542	82 
5543	33 
5544	71 
5545	55 
5546	106 
5547	119 
5548	154 
5549	127 
5550	143 
5551	135 
5552	150 
5553	29 
5554	92 
5555	38 
5556	97 
5557	74 
5558	5 
5559	84 
5560	28 
5561	42 
5562	10 
5563	127 
5564	35 
5565	130 
5566	123 
5567	92 
5568	114 
5569	66 
5570	21 
5571	12 
5572	131 
5573	166 
5574	15 
5575	120 
5576	61 
5577	69 
5578	4 
5579	113 
5580	84 
5581	92 
5582	17 
5583	11 
5584	126 
5585	7 
5586	164 
5587	117 
5588	158 
5589	114 
5590	44 
5591	73 
5592	45 
5593	104 
5594	133 
5595	74 
5596	116 
5597	61 
5598	49 
5599	141 
5600	76 
5601	98 
5602	46 
5603	149 
5604	165 
5605	74 
5606	68 
5607	77 
5608	12 
5609	168 
5610	61 
5611	115 
5612	78 
5613	179 
5614	181 
5615	66 
5616	66 
5617	103 
5618	51 
5619	48 
5620	104 
5621	60 
5622	168 
5623	133 
5624	17 
5625	168 
5626	13 
5627	17 
5628	35 
5629	88 
5630	99 
5631	74 
5632	31 
5633	40 
5634	2 
5635	13 
5636	45 
5637	93 
5638	59 
5639	31 
5640	64 
5641	42 
5642	73 
5643	6 
5644	56 
5645	118 
5646	122 
5647	13 
5648	35 
5649	170 
5650	34 
5651	47 
5652	46 
5653	35 
5654	120 
5655	69 
5656	138 
5657	75 
5658	71 
5659	9 
5660	172 
5661	113 
5662	168 
5663	173 
5664	171 
5665	102 
5666	104 
5667	159 
5668	65 
5669	69 
5670	113 
5671	50 
5672	115 
5673	97 
5674	159 
5675	6 
5676	63 
5677	70 
5678	49 
5679	127 
5680	79 
5681	42 
5682	12 
5683	35 
5684	44 
5685	18 
5686	180 
5687	105 
5688	64 
5689	81 
5690	157 
5691	105 
5692	112 
5693	76 
5694	148 
5695	4 
5696	82 
5697	71 
5698	174 
5699	131 
5700	155 
5701	93 
5702	111 
5703	100 
5704	60 
5705	106 
5706	159 
5707	43 
5708	97 
5709	87 
5710	1 
5711	89 
5712	152 
5713	12 
5714	88 
5715	92 
5716	13 
5717	108 
5718	69 
5719	56 
5720	174 
5721	133 
5722	105 
5723	181 
5724	38 
5725	79 
5726	182 
5727	147 
5728	140 
5729	25 
5730	143 
5731	95 
5732	107 
5733	58 
5734	90 
5735	41 
5736	22 
5737	146 
5738	82 
5739	118 
5740	113 
5741	34 
5742	112 
5743	18 
5744	169 
5745	124 
5746	169 
5747	160 
5748	141 
5749	164 
5750	8 
5751	2 
5752	45 
5753	154 
5754	24 
5755	63 
5756	168 
5757	176 
5758	36 
5759	67 
5760	167 
5761	90 
5762	123 
5763	39 
5764	17 
5765	71 
5766	119 
5767	59 
5768	51 
5769	38 
5770	58 
5771	47 
5772	150 
5773	166 
5774	52 
5775	40 
5776	51 
5777	9 
5778	41 
5779	120 
5780	104 
5781	168 
5782	141 
5783	18 
5784	141 
5785	18 
5786	75 
5787	166 
5788	139 
5789	60 
5790	36 
5791	31 
5792	105 
5793	35 
5794	105 
5795	89 
5796	180 
5797	151 
5798	2 
5799	65 
5800	139 
5801	59 
5802	101 
5803	159 
5804	174 
5805	8 
5806	83 
5807	22 
5808	181 
5809	166 
5810	111 
5811	171 
5812	4 
5813	152 
5814	72 
5815	119 
5816	167 
5817	176 
5818	121 
5819	111 
5820	119 
5821	117 
5822	124 
5823	109 
5824	71 
5825	66 
5826	163 
5827	43 
5828	97 
5829	110 
5830	35 
5831	109 
5832	64 
5833	92 
5834	167 
5835	86 
5836	45 
5837	148 
5838	117 
5839	45 
5840	98 
5841	153 
5842	160 
5843	114 
5844	60 
5845	173 
5846	60 
5847	181 
5848	17 
5849	91 
5850	53 
5851	111 
5852	119 
5853	24 
5854	130 
5855	58 
5856	49 
5857	31 
5858	88 
5859	167 
5860	49 
5861	138 
5862	84 
5863	82 
5864	17 
5865	48 
5866	154 
5867	174 
5868	67 
5869	139 
5870	12 
5871	69 
5872	11 
5873	146 
5874	126 
5875	108 
5876	47 
5877	78 
5878	51 
5879	37 
5880	138 
5881	155 
5882	130 
5883	36 
5884	132 
5885	78 
5886	12 
5887	76 
5888	63 
5889	93 
5890	29 
5891	117 
5892	180 
5893	44 
5894	74 
5895	84 
5896	112 
5897	152 
5898	50 
5899	3 
5900	170 
5901	75 
5902	111 
5903	132 
5904	133 
5905	15 
5906	15 
5907	96 
5908	9 
5909	120 
5910	153 
5911	32 
5912	36 
5913	20 
5914	55 
5915	110 
5916	104 
5917	56 
5918	4 
5919	47 
5920	123 
5921	137 
5922	111 
5923	119 
5924	37 
5925	13 
5926	89 
5927	101 
5928	134 
5929	115 
5930	15 
5931	153 
5932	25 
5933	35 
5934	111 
5935	40 
5936	85 
5937	7 
5938	61 
5939	15 
5940	3 
5941	78 
5942	15 
5943	152 
5944	177 
5945	130 
5946	152 
5947	170 
5948	53 
5949	64 
5950	25 
5951	3 
5952	45 
5953	130 
5954	156 
5955	157 
5956	180 
5957	97 
5958	178 
5959	149 
5960	145 
5961	13 
5962	35 
5963	159 
5964	50 
5965	133 
5966	22 
5967	120 
5968	85 
5969	40 
5970	36 
5971	141 
5972	123 
5973	99 
5974	12 
5975	119 
5976	72 
5977	54 
5978	155 
5979	79 
5980	36 
5981	75 
5982	99 
5983	140 
5984	114 
5985	132 
5986	172 
5987	115 
5988	71 
5989	49 
5990	25 
5991	143 
5992	47 
5993	157 
5994	96 
5995	33 
5996	132 
5997	175 
5998	41 
5999	16 
6000	40 
