1	43 
2	81 
3	26 
4	29 
5	39 
6	103 
7	2 
8	116 
9	13 
10	95 
11	56 
12	104 
13	77 
14	108 
15	35 
16	34 
17	65 
18	13 
19	34 
20	64 
21	86 
22	121 
23	116 
24	64 
25	98 
26	89 
27	79 
28	48 
29	32 
30	92 
31	37 
32	80 
33	117 
34	96 
35	49 
36	102 
37	52 
38	113 
39	10 
40	54 
41	79 
42	74 
43	60 
44	74 
45	74 
46	60 
47	27 
48	63 
49	52 
50	1 
51	48 
52	70 
53	32 
54	39 
55	4 
56	104 
57	47 
58	75 
59	82 
60	55 
61	82 
62	87 
63	84 
64	50 
65	37 
66	74 
67	56 
68	92 
69	19 
70	89 
71	60 
72	91 
73	70 
74	115 
75	27 
76	89 
77	106 
78	61 
79	38 
80	23 
81	70 
82	65 
83	96 
84	75 
85	58 
86	39 
87	112 
88	111 
89	89 
90	65 
91	67 
92	93 
93	122 
94	67 
95	93 
96	62 
97	14 
98	91 
99	19 
100	77 
101	43 
102	102 
103	18 
104	112 
105	45 
106	54 
107	98 
108	64 
109	3 
110	98 
111	24 
112	108 
113	85 
114	32 
115	100 
116	101 
117	26 
118	64 
119	118 
120	86 
121	42 
122	31 
123	29 
124	16 
125	58 
126	93 
127	85 
128	101 
129	26 
130	13 
131	83 
132	121 
133	66 
134	59 
135	47 
136	75 
137	75 
138	10 
139	12 
140	12 
141	80 
142	20 
143	110 
144	64 
145	82 
146	89 
147	120 
148	82 
149	83 
150	10 
151	114 
152	110 
153	11 
154	60 
155	106 
156	35 
157	78 
158	77 
159	22 
160	121 
161	77 
162	99 
163	58 
164	60 
165	84 
166	74 
167	42 
168	37 
169	44 
170	46 
171	86 
172	68 
173	2 
174	20 
175	44 
176	104 
177	90 
178	88 
179	37 
180	64 
181	116 
182	52 
183	115 
184	6 
185	22 
186	39 
187	25 
188	58 
189	94 
190	115 
191	36 
192	104 
193	37 
194	67 
195	121 
196	101 
197	111 
198	32 
199	104 
200	42 
201	89 
202	85 
203	52 
204	107 
205	32 
206	71 
207	59 
208	115 
209	25 
210	82 
211	70 
212	65 
213	59 
214	6 
215	114 
216	67 
217	81 
218	77 
219	12 
220	85 
221	70 
222	44 
223	28 
224	10 
225	19 
226	105 
227	52 
228	75 
229	85 
230	120 
231	59 
232	92 
233	118 
234	98 
235	103 
236	51 
237	34 
238	109 
239	103 
240	53 
241	28 
242	2 
243	117 
244	100 
245	70 
246	55 
247	54 
248	24 
249	109 
250	60 
251	40 
252	46 
253	44 
254	40 
255	80 
256	58 
257	121 
258	40 
259	36 
260	20 
261	67 
262	15 
263	31 
264	99 
265	8 
266	46 
267	20 
268	85 
269	25 
270	34 
271	117 
272	82 
273	93 
274	57 
275	13 
276	113 
277	113 
278	42 
279	111 
280	70 
281	50 
282	106 
283	64 
284	70 
285	86 
286	85 
287	2 
288	90 
289	118 
290	116 
291	92 
292	50 
293	49 
294	115 
295	38 
296	50 
297	42 
298	36 
299	55 
300	30 
301	34 
302	83 
303	93 
304	58 
305	32 
306	21 
307	90 
308	86 
309	48 
310	53 
311	116 
312	7 
313	23 
314	94 
315	70 
316	27 
317	94 
318	5 
319	61 
320	118 
321	116 
322	88 
323	19 
324	123 
325	27 
326	32 
327	97 
328	85 
329	114 
330	89 
331	48 
332	75 
333	12 
334	44 
335	52 
336	73 
337	42 
338	115 
339	52 
340	20 
341	81 
342	34 
343	10 
344	96 
345	58 
346	64 
347	71 
348	93 
349	103 
350	71 
351	114 
352	97 
353	3 
354	76 
355	63 
356	28 
357	121 
358	118 
359	42 
360	104 
361	15 
362	75 
363	25 
364	48 
365	48 
366	108 
367	81 
368	22 
369	65 
370	61 
371	95 
372	123 
373	58 
374	104 
375	59 
376	88 
377	108 
378	8 
379	80 
380	88 
381	111 
382	28 
383	38 
384	88 
385	95 
386	105 
387	81 
388	34 
389	18 
390	1 
391	89 
392	28 
393	30 
394	69 
395	111 
396	100 
397	113 
398	117 
399	122 
400	33 
401	2 
402	56 
403	20 
404	28 
405	75 
406	26 
407	41 
408	84 
409	37 
410	111 
411	42 
412	33 
413	60 
414	70 
415	107 
416	44 
417	35 
418	51 
419	109 
420	48 
421	85 
422	48 
423	44 
424	105 
425	65 
426	15 
427	94 
428	20 
429	94 
430	28 
431	102 
432	77 
433	64 
434	65 
435	59 
436	87 
437	13 
438	61 
439	44 
440	79 
441	116 
442	113 
443	105 
444	100 
445	2 
446	23 
447	72 
448	94 
449	12 
450	75 
451	78 
452	13 
453	78 
454	37 
455	14 
456	20 
457	99 
458	3 
459	43 
460	108 
461	118 
462	115 
463	45 
464	85 
465	110 
466	1 
467	27 
468	46 
469	48 
470	94 
471	113 
472	56 
473	121 
474	7 
475	110 
476	31 
477	94 
478	117 
479	82 
480	88 
481	120 
482	26 
483	11 
484	11 
485	100 
486	27 
487	99 
488	110 
489	105 
490	4 
491	112 
492	81 
493	30 
494	78 
495	75 
496	64 
497	92 
498	16 
499	38 
500	102 
501	82 
502	3 
503	94 
504	54 
505	67 
506	48 
507	106 
508	48 
509	94 
510	100 
511	116 
512	70 
513	74 
514	93 
515	83 
516	65 
517	29 
518	66 
519	87 
520	61 
521	43 
522	58 
523	30 
524	14 
525	27 
526	106 
527	104 
528	49 
529	9 
530	2 
531	79 
532	31 
533	29 
534	11 
535	112 
536	106 
537	57 
538	109 
539	27 
540	20 
541	51 
542	18 
543	2 
544	1 
545	33 
546	39 
547	56 
548	114 
549	46 
550	89 
551	77 
552	54 
553	47 
554	19 
555	60 
556	12 
557	59 
558	43 
559	39 
560	111 
561	93 
562	48 
563	63 
564	85 
565	52 
566	64 
567	119 
568	105 
569	122 
570	122 
571	109 
572	4 
573	82 
574	113 
575	104 
576	110 
577	69 
578	115 
579	75 
580	114 
581	68 
582	77 
583	112 
584	87 
585	60 
586	20 
587	115 
588	41 
589	122 
590	84 
591	79 
592	91 
593	26 
594	9 
595	119 
596	86 
597	41 
598	86 
599	88 
600	81 
601	3 
602	68 
603	103 
604	30 
605	52 
606	118 
607	100 
608	91 
609	95 
610	72 
611	122 
612	33 
613	78 
614	102 
615	26 
616	5 
617	56 
618	5 
619	43 
620	84 
621	1 
622	77 
623	10 
624	36 
625	21 
626	88 
627	120 
628	104 
629	96 
630	13 
631	64 
632	43 
633	49 
634	111 
635	42 
636	43 
637	36 
638	61 
639	105 
640	59 
641	67 
642	49 
643	24 
644	62 
645	109 
646	67 
647	101 
648	107 
649	119 
650	26 
651	54 
652	40 
653	122 
654	80 
655	90 
656	49 
657	64 
658	24 
659	19 
660	15 
661	96 
662	67 
663	91 
664	60 
665	38 
666	48 
667	24 
668	69 
669	118 
670	39 
671	80 
672	54 
673	27 
674	63 
675	55 
676	19 
677	46 
678	122 
679	26 
680	14 
681	24 
682	11 
683	35 
684	106 
685	88 
686	64 
687	101 
688	121 
689	3 
690	52 
691	94 
692	68 
693	25 
694	80 
695	75 
696	62 
697	27 
698	123 
699	45 
700	17 
701	118 
702	26 
703	106 
704	102 
705	83 
706	68 
707	64 
708	81 
709	8 
710	8 
711	86 
712	61 
713	72 
714	67 
715	69 
716	69 
717	61 
718	7 
719	58 
720	94 
721	60 
722	24 
723	92 
724	85 
725	68 
726	12 
727	6 
728	33 
729	47 
730	24 
731	89 
732	2 
733	111 
734	102 
735	100 
736	75 
737	15 
738	65 
739	63 
740	98 
741	93 
742	98 
743	17 
744	80 
745	41 
746	100 
747	40 
748	86 
749	29 
750	24 
751	77 
752	61 
753	44 
754	69 
755	98 
756	98 
757	50 
758	33 
759	120 
760	54 
761	121 
762	40 
763	82 
764	52 
765	14 
766	115 
767	77 
768	44 
769	25 
770	88 
771	82 
772	32 
773	101 
774	29 
775	120 
776	71 
777	29 
778	70 
779	11 
780	7 
781	8 
782	86 
783	67 
784	66 
785	27 
786	98 
787	111 
788	112 
789	50 
790	59 
791	71 
792	62 
793	37 
794	64 
795	95 
796	53 
797	35 
798	27 
799	104 
800	62 
801	1 
802	66 
803	21 
804	64 
805	96 
806	49 
807	80 
808	73 
809	15 
810	29 
811	34 
812	111 
813	30 
814	4 
815	2 
816	117 
817	122 
818	41 
819	111 
820	66 
821	100 
822	39 
823	111 
824	21 
825	41 
826	66 
827	8 
828	38 
829	22 
830	14 
831	29 
832	32 
833	62 
834	112 
835	47 
836	42 
837	21 
838	17 
839	89 
840	27 
841	66 
842	21 
843	76 
844	31 
845	16 
846	61 
847	85 
848	19 
849	77 
850	86 
851	24 
852	72 
853	94 
854	59 
855	39 
856	56 
857	82 
858	7 
859	12 
860	120 
861	90 
862	20 
863	89 
864	47 
865	25 
866	37 
867	35 
868	21 
869	101 
870	64 
871	122 
872	34 
873	58 
874	40 
875	96 
876	25 
877	75 
878	50 
879	46 
880	12 
881	24 
882	39 
883	91 
884	37 
885	21 
886	111 
887	18 
888	64 
889	80 
890	120 
891	40 
892	29 
893	115 
894	32 
895	88 
896	83 
897	100 
898	98 
899	17 
900	1 
901	46 
902	122 
903	71 
904	62 
905	38 
906	34 
907	122 
908	54 
909	121 
910	82 
911	45 
912	81 
913	49 
914	8 
915	41 
916	89 
917	98 
918	27 
919	89 
920	20 
921	58 
922	21 
923	20 
924	121 
925	26 
926	109 
927	67 
928	117 
929	42 
930	10 
931	85 
932	42 
933	30 
934	23 
935	93 
936	117 
937	57 
938	93 
939	82 
940	34 
941	109 
942	120 
943	82 
944	96 
945	1 
946	64 
947	8 
948	69 
949	91 
950	51 
951	56 
952	103 
953	97 
954	26 
955	32 
956	64 
957	21 
958	68 
959	100 
960	45 
961	100 
962	21 
963	75 
964	19 
965	31 
966	84 
967	36 
968	44 
969	39 
970	120 
971	81 
972	87 
973	74 
974	106 
975	71 
976	12 
977	52 
978	113 
979	118 
980	91 
981	31 
982	32 
983	106 
984	7 
985	27 
986	62 
987	79 
988	64 
989	89 
990	115 
991	111 
992	33 
993	31 
994	10 
995	103 
996	55 
997	118 
998	50 
999	8 
1000	88 
1001	3 
1002	98 
1003	2 
1004	85 
1005	106 
1006	38 
1007	14 
1008	6 
1009	11 
1010	70 
1011	70 
1012	122 
1013	70 
1014	8 
1015	6 
1016	22 
1017	74 
1018	58 
1019	24 
1020	56 
1021	2 
1022	67 
1023	54 
1024	5 
1025	46 
1026	40 
1027	108 
1028	15 
1029	38 
1030	67 
1031	69 
1032	91 
1033	109 
1034	61 
1035	61 
1036	39 
1037	85 
1038	70 
1039	119 
1040	6 
1041	39 
1042	11 
1043	123 
1044	26 
1045	123 
1046	19 
1047	45 
1048	95 
1049	117 
1050	27 
1051	1 
1052	40 
1053	8 
1054	117 
1055	49 
1056	64 
1057	40 
1058	99 
1059	61 
1060	112 
1061	61 
1062	76 
1063	1 
1064	42 
1065	63 
1066	38 
1067	80 
1068	107 
1069	86 
1070	38 
1071	21 
1072	103 
1073	70 
1074	56 
1075	116 
1076	112 
1077	106 
1078	6 
1079	86 
1080	5 
1081	112 
1082	10 
1083	81 
1084	87 
1085	22 
1086	116 
1087	58 
1088	41 
1089	77 
1090	54 
1091	31 
1092	7 
1093	77 
1094	114 
1095	107 
1096	105 
1097	110 
1098	12 
1099	105 
1100	30 
1101	58 
1102	85 
1103	41 
1104	113 
1105	4 
1106	45 
1107	81 
1108	92 
1109	61 
1110	79 
1111	90 
1112	118 
1113	36 
1114	19 
1115	86 
1116	59 
1117	8 
1118	81 
1119	111 
1120	46 
1121	115 
1122	53 
1123	54 
1124	58 
1125	87 
1126	63 
1127	23 
1128	108 
1129	104 
1130	49 
1131	26 
1132	64 
1133	34 
1134	51 
1135	11 
1136	11 
1137	122 
1138	95 
1139	80 
1140	1 
1141	21 
1142	120 
1143	49 
1144	60 
1145	42 
1146	26 
1147	122 
1148	76 
1149	43 
1150	96 
1151	41 
1152	26 
1153	27 
1154	47 
1155	39 
1156	4 
1157	36 
1158	73 
1159	34 
1160	88 
1161	17 
1162	109 
1163	81 
1164	123 
1165	66 
1166	101 
1167	104 
1168	20 
1169	31 
1170	29 
1171	2 
1172	82 
1173	105 
1174	111 
1175	90 
1176	73 
1177	100 
1178	18 
1179	95 
1180	97 
1181	104 
1182	80 
1183	53 
1184	27 
1185	30 
1186	13 
1187	115 
1188	2 
1189	82 
1190	25 
1191	52 
1192	75 
1193	41 
1194	112 
1195	25 
1196	81 
1197	12 
1198	23 
1199	97 
1200	55 
1201	72 
1202	96 
1203	19 
1204	102 
1205	120 
1206	89 
1207	71 
1208	10 
1209	39 
1210	91 
1211	30 
1212	37 
1213	112 
1214	15 
1215	74 
1216	121 
1217	60 
1218	29 
1219	91 
1220	30 
1221	111 
1222	17 
1223	98 
1224	37 
1225	82 
1226	33 
1227	56 
1228	116 
1229	107 
1230	11 
1231	39 
1232	52 
1233	101 
1234	80 
1235	44 
1236	10 
1237	78 
1238	27 
1239	86 
1240	31 
1241	94 
1242	105 
1243	5 
1244	102 
1245	2 
1246	99 
1247	46 
1248	85 
1249	85 
1250	75 
1251	41 
1252	19 
1253	58 
1254	108 
1255	8 
1256	49 
1257	32 
1258	53 
1259	102 
1260	95 
1261	110 
1262	75 
1263	10 
1264	18 
1265	52 
1266	26 
1267	25 
1268	123 
1269	6 
1270	99 
1271	8 
1272	12 
1273	106 
1274	90 
1275	86 
1276	81 
1277	90 
1278	96 
1279	60 
1280	88 
1281	120 
1282	18 
1283	44 
1284	67 
1285	54 
1286	41 
1287	1 
1288	31 
1289	113 
1290	119 
1291	84 
1292	50 
1293	14 
1294	20 
1295	98 
1296	85 
1297	116 
1298	68 
1299	104 
1300	119 
1301	63 
1302	112 
1303	40 
1304	103 
1305	107 
1306	119 
1307	4 
1308	87 
1309	23 
1310	102 
1311	37 
1312	122 
1313	80 
1314	50 
1315	10 
1316	121 
1317	88 
1318	111 
1319	18 
1320	80 
1321	112 
1322	70 
1323	4 
1324	121 
1325	43 
1326	111 
1327	20 
1328	1 
1329	38 
1330	58 
1331	101 
1332	100 
1333	86 
1334	99 
1335	76 
1336	94 
1337	1 
1338	28 
1339	48 
1340	120 
1341	46 
1342	73 
1343	57 
1344	98 
1345	91 
1346	4 
1347	61 
1348	112 
1349	81 
1350	45 
1351	13 
1352	40 
1353	58 
1354	62 
1355	110 
1356	77 
1357	81 
1358	5 
1359	14 
1360	41 
1361	36 
1362	40 
1363	96 
1364	46 
1365	44 
1366	31 
1367	49 
1368	95 
1369	88 
1370	32 
1371	47 
1372	86 
1373	44 
1374	117 
1375	73 
1376	44 
1377	55 
1378	2 
1379	25 
1380	102 
1381	113 
1382	3 
1383	76 
1384	10 
1385	43 
1386	111 
1387	14 
1388	113 
1389	79 
1390	44 
1391	93 
1392	21 
1393	2 
1394	82 
1395	16 
1396	116 
1397	70 
1398	66 
1399	122 
1400	50 
1401	86 
1402	7 
1403	107 
1404	13 
1405	84 
1406	12 
1407	28 
1408	59 
1409	48 
1410	46 
1411	73 
1412	22 
1413	60 
1414	68 
1415	54 
1416	54 
1417	34 
1418	114 
1419	92 
1420	45 
1421	48 
1422	37 
1423	20 
1424	12 
1425	88 
1426	92 
1427	34 
1428	45 
1429	63 
1430	15 
1431	9 
1432	60 
1433	70 
1434	26 
1435	4 
1436	58 
1437	65 
1438	39 
1439	4 
1440	56 
1441	73 
1442	87 
1443	95 
1444	4 
1445	24 
1446	87 
1447	20 
1448	36 
1449	53 
1450	109 
1451	60 
1452	64 
1453	108 
1454	39 
1455	83 
1456	113 
1457	110 
1458	82 
1459	75 
1460	54 
1461	27 
1462	57 
1463	39 
1464	10 
1465	95 
1466	16 
1467	107 
1468	47 
1469	63 
1470	82 
1471	122 
1472	99 
1473	13 
1474	38 
1475	114 
1476	86 
1477	100 
1478	3 
1479	79 
1480	19 
1481	39 
1482	24 
1483	35 
1484	87 
1485	110 
1486	47 
1487	115 
1488	25 
1489	23 
1490	17 
1491	1 
1492	21 
1493	10 
1494	20 
1495	73 
1496	82 
1497	104 
1498	43 
1499	11 
1500	34 
1501	53 
1502	120 
1503	72 
1504	57 
1505	2 
1506	89 
1507	104 
1508	121 
1509	1 
1510	37 
1511	103 
1512	103 
1513	64 
1514	33 
1515	106 
1516	12 
1517	22 
1518	23 
1519	41 
1520	101 
1521	64 
1522	70 
1523	57 
1524	75 
1525	61 
1526	53 
1527	92 
1528	20 
1529	100 
1530	34 
1531	77 
1532	94 
1533	99 
1534	120 
1535	13 
1536	47 
1537	38 
1538	121 
1539	20 
1540	88 
1541	98 
1542	122 
1543	117 
1544	57 
1545	98 
1546	46 
1547	34 
1548	104 
1549	120 
1550	6 
1551	47 
1552	27 
1553	77 
1554	8 
1555	92 
1556	42 
1557	9 
1558	115 
1559	120 
1560	20 
1561	87 
1562	61 
1563	116 
1564	88 
1565	75 
1566	108 
1567	107 
1568	54 
1569	109 
1570	14 
1571	74 
1572	29 
1573	92 
1574	109 
1575	9 
1576	89 
1577	26 
1578	75 
1579	94 
1580	97 
1581	6 
1582	90 
1583	3 
1584	117 
1585	61 
1586	31 
1587	96 
1588	99 
1589	40 
1590	54 
1591	83 
1592	109 
1593	10 
1594	86 
1595	75 
1596	14 
1597	17 
1598	60 
1599	6 
1600	2 
1601	8 
1602	82 
1603	28 
1604	99 
1605	26 
1606	120 
1607	107 
1608	30 
1609	50 
1610	12 
1611	122 
1612	76 
1613	17 
1614	81 
1615	29 
1616	56 
1617	93 
1618	82 
1619	79 
1620	71 
1621	10 
1622	76 
1623	62 
1624	120 
1625	57 
1626	60 
1627	12 
1628	72 
1629	51 
1630	2 
1631	116 
1632	49 
1633	34 
1634	110 
1635	54 
1636	72 
1637	100 
1638	102 
1639	14 
1640	73 
1641	17 
1642	43 
1643	12 
1644	23 
1645	86 
1646	6 
1647	108 
1648	90 
1649	108 
1650	38 
1651	24 
1652	65 
1653	30 
1654	18 
1655	39 
1656	118 
1657	107 
1658	57 
1659	24 
1660	56 
1661	14 
1662	117 
1663	19 
1664	78 
1665	106 
1666	113 
1667	20 
1668	61 
1669	27 
1670	6 
1671	59 
1672	62 
1673	118 
1674	56 
1675	117 
1676	73 
1677	110 
1678	26 
1679	63 
1680	41 
1681	71 
1682	18 
1683	8 
1684	88 
1685	58 
1686	11 
1687	44 
1688	90 
1689	37 
1690	31 
1691	94 
1692	28 
1693	38 
1694	88 
1695	97 
1696	23 
1697	16 
1698	13 
1699	56 
1700	96 
1701	12 
1702	37 
1703	37 
1704	17 
1705	74 
1706	8 
1707	30 
1708	119 
1709	47 
1710	107 
1711	3 
1712	104 
1713	89 
1714	86 
1715	115 
1716	16 
1717	9 
1718	122 
1719	14 
1720	46 
1721	87 
1722	24 
1723	32 
1724	42 
1725	46 
1726	23 
1727	61 
1728	86 
1729	88 
1730	38 
1731	3 
1732	92 
1733	74 
1734	94 
1735	60 
1736	123 
1737	68 
1738	104 
1739	68 
1740	31 
1741	13 
1742	53 
1743	9 
1744	2 
1745	35 
1746	109 
1747	38 
1748	44 
1749	1 
1750	63 
1751	15 
1752	25 
1753	49 
1754	84 
1755	37 
1756	29 
1757	16 
1758	82 
1759	39 
1760	15 
1761	47 
1762	46 
1763	25 
1764	78 
1765	102 
1766	55 
1767	101 
1768	7 
1769	66 
1770	116 
1771	105 
1772	73 
1773	2 
1774	65 
1775	50 
1776	28 
1777	38 
1778	55 
1779	13 
1780	26 
1781	9 
1782	31 
1783	32 
1784	20 
1785	36 
1786	13 
1787	116 
1788	46 
1789	118 
1790	110 
1791	21 
1792	91 
1793	19 
1794	78 
1795	122 
1796	13 
1797	2 
1798	96 
1799	120 
1800	5 
1801	59 
1802	117 
1803	48 
1804	81 
1805	6 
1806	82 
1807	104 
1808	73 
1809	27 
1810	43 
1811	107 
1812	57 
1813	120 
1814	61 
1815	46 
1816	97 
1817	45 
1818	120 
1819	80 
1820	116 
1821	78 
1822	31 
1823	121 
1824	68 
1825	45 
1826	67 
1827	107 
1828	58 
1829	33 
1830	50 
1831	88 
1832	114 
1833	38 
1834	1 
1835	121 
1836	88 
1837	48 
1838	50 
1839	114 
1840	38 
1841	30 
1842	15 
1843	56 
1844	32 
1845	87 
1846	30 
1847	3 
1848	73 
1849	44 
1850	97 
1851	37 
1852	18 
1853	94 
1854	78 
1855	119 
1856	64 
1857	86 
1858	83 
1859	97 
1860	31 
1861	18 
1862	17 
1863	109 
1864	118 
1865	41 
1866	117 
1867	90 
1868	98 
1869	86 
1870	118 
1871	47 
1872	94 
1873	90 
1874	49 
1875	113 
1876	20 
1877	74 
1878	87 
1879	5 
1880	11 
1881	70 
1882	33 
1883	89 
1884	31 
1885	16 
1886	114 
1887	23 
1888	91 
1889	111 
1890	118 
1891	17 
1892	55 
1893	38 
1894	112 
1895	77 
1896	54 
1897	94 
1898	72 
1899	14 
1900	28 
1901	19 
1902	36 
1903	59 
1904	43 
1905	120 
1906	26 
1907	36 
1908	48 
1909	54 
1910	84 
1911	94 
1912	101 
1913	51 
1914	121 
1915	84 
1916	85 
1917	55 
1918	98 
1919	17 
1920	59 
1921	47 
1922	101 
1923	87 
1924	80 
1925	37 
1926	91 
1927	123 
1928	61 
1929	70 
1930	64 
1931	5 
1932	4 
1933	34 
1934	60 
1935	100 
1936	4 
1937	5 
1938	99 
1939	97 
1940	77 
1941	56 
1942	54 
1943	40 
1944	70 
1945	48 
1946	120 
1947	98 
1948	84 
1949	82 
1950	7 
1951	51 
1952	41 
1953	82 
1954	48 
1955	17 
1956	79 
1957	88 
1958	100 
1959	107 
1960	110 
1961	105 
1962	117 
1963	82 
1964	82 
1965	90 
1966	84 
1967	84 
1968	59 
1969	33 
1970	30 
1971	68 
1972	63 
1973	5 
1974	81 
1975	26 
1976	77 
1977	88 
1978	102 
1979	113 
1980	24 
1981	51 
1982	95 
1983	82 
1984	68 
1985	81 
1986	44 
1987	57 
1988	122 
1989	54 
1990	56 
1991	69 
1992	6 
1993	8 
1994	36 
1995	71 
1996	40 
1997	64 
1998	14 
1999	111 
2000	98 
2001	66 
2002	123 
2003	86 
2004	72 
2005	123 
2006	42 
2007	20 
2008	90 
2009	7 
2010	39 
2011	114 
2012	94 
2013	55 
2014	54 
2015	54 
2016	82 
2017	38 
2018	71 
2019	1 
2020	94 
2021	112 
2022	5 
2023	18 
2024	102 
2025	56 
2026	22 
2027	42 
2028	63 
2029	64 
2030	10 
2031	85 
2032	117 
2033	48 
2034	25 
2035	13 
2036	88 
2037	52 
2038	44 
2039	43 
2040	99 
2041	54 
2042	98 
2043	38 
2044	116 
2045	69 
2046	71 
2047	51 
2048	8 
2049	43 
2050	50 
2051	87 
2052	90 
2053	10 
2054	32 
2055	30 
2056	32 
2057	47 
2058	6 
2059	87 
2060	32 
2061	104 
2062	80 
2063	47 
2064	97 
2065	23 
2066	41 
2067	115 
2068	26 
2069	43 
2070	117 
2071	120 
2072	5 
2073	16 
2074	57 
2075	40 
2076	77 
2077	67 
2078	107 
2079	27 
2080	91 
2081	21 
2082	37 
2083	54 
2084	52 
2085	82 
2086	49 
2087	117 
2088	63 
2089	20 
2090	76 
2091	8 
2092	20 
2093	1 
2094	95 
2095	53 
2096	55 
2097	104 
2098	27 
2099	109 
2100	17 
2101	10 
2102	5 
2103	78 
2104	65 
2105	50 
2106	56 
2107	15 
2108	2 
2109	20 
2110	115 
2111	77 
2112	70 
2113	90 
2114	17 
2115	84 
2116	23 
2117	17 
2118	60 
2119	54 
2120	11 
2121	72 
2122	81 
2123	50 
2124	29 
2125	118 
2126	63 
2127	13 
2128	119 
2129	9 
2130	26 
2131	103 
2132	85 
2133	122 
2134	40 
2135	54 
2136	39 
2137	1 
2138	81 
2139	104 
2140	32 
2141	58 
2142	117 
2143	4 
2144	48 
2145	46 
2146	40 
2147	105 
2148	103 
2149	82 
2150	83 
2151	49 
2152	19 
2153	23 
2154	110 
2155	41 
2156	47 
2157	72 
2158	13 
2159	118 
2160	122 
2161	44 
2162	96 
2163	11 
2164	83 
2165	27 
2166	49 
2167	58 
2168	81 
2169	27 
2170	111 
2171	51 
2172	116 
2173	100 
2174	17 
2175	115 
2176	66 
2177	105 
2178	52 
2179	97 
2180	89 
2181	34 
2182	4 
2183	111 
2184	112 
2185	13 
2186	77 
2187	26 
2188	57 
2189	91 
2190	52 
2191	35 
2192	32 
2193	58 
2194	47 
2195	39 
2196	17 
2197	109 
2198	7 
2199	39 
2200	17 
2201	60 
2202	61 
2203	113 
2204	22 
2205	2 
2206	11 
2207	30 
2208	10 
2209	2 
2210	87 
2211	76 
2212	45 
2213	30 
2214	72 
2215	77 
2216	81 
2217	117 
2218	118 
2219	38 
2220	10 
2221	30 
2222	114 
2223	96 
2224	121 
2225	70 
2226	88 
2227	90 
2228	120 
2229	104 
2230	101 
2231	24 
2232	24 
2233	103 
2234	77 
2235	100 
2236	20 
2237	73 
2238	30 
2239	110 
2240	84 
2241	107 
2242	52 
2243	8 
2244	66 
2245	81 
2246	85 
2247	34 
2248	70 
2249	105 
2250	46 
2251	89 
2252	88 
2253	111 
2254	63 
2255	43 
2256	75 
2257	51 
2258	66 
2259	94 
2260	90 
2261	98 
2262	111 
2263	64 
2264	1 
2265	54 
2266	12 
2267	79 
2268	120 
2269	112 
2270	80 
2271	102 
2272	30 
2273	70 
2274	117 
2275	97 
2276	45 
2277	77 
2278	122 
2279	29 
2280	71 
2281	88 
2282	98 
2283	113 
2284	31 
2285	37 
2286	96 
2287	93 
2288	64 
2289	103 
2290	86 
2291	46 
2292	91 
2293	47 
2294	25 
2295	51 
2296	67 
2297	70 
2298	39 
2299	78 
2300	117 
2301	4 
2302	100 
2303	115 
2304	76 
2305	35 
2306	20 
2307	49 
2308	61 
2309	115 
2310	14 
2311	87 
2312	98 
2313	103 
2314	101 
2315	29 
2316	36 
2317	74 
2318	111 
2319	85 
2320	89 
2321	108 
2322	34 
2323	34 
2324	24 
2325	87 
2326	2 
2327	17 
2328	9 
2329	29 
2330	86 
2331	69 
2332	8 
2333	107 
2334	58 
2335	37 
2336	17 
2337	70 
2338	16 
2339	65 
2340	9 
2341	28 
2342	22 
2343	30 
2344	32 
2345	88 
2346	86 
2347	60 
2348	50 
2349	32 
2350	55 
2351	64 
2352	22 
2353	44 
2354	5 
2355	49 
2356	12 
2357	88 
2358	17 
2359	60 
2360	24 
2361	91 
2362	67 
2363	94 
2364	70 
2365	109 
2366	10 
2367	67 
2368	51 
2369	119 
2370	94 
2371	58 
2372	123 
2373	89 
2374	1 
2375	97 
2376	62 
2377	46 
2378	110 
2379	17 
2380	94 
2381	55 
2382	117 
2383	1 
2384	73 
2385	104 
2386	111 
2387	64 
2388	117 
2389	123 
2390	86 
2391	101 
2392	7 
2393	84 
2394	35 
2395	121 
2396	10 
2397	78 
2398	50 
2399	25 
2400	18 
2401	86 
2402	59 
2403	75 
2404	42 
2405	53 
2406	60 
2407	9 
2408	56 
2409	23 
2410	16 
2411	30 
2412	36 
2413	90 
2414	91 
2415	9 
2416	10 
2417	98 
2418	104 
2419	19 
2420	27 
2421	76 
2422	65 
2423	61 
2424	26 
2425	81 
2426	1 
2427	40 
2428	14 
2429	95 
2430	104 
2431	94 
2432	8 
2433	69 
2434	106 
2435	113 
2436	68 
2437	5 
2438	15 
2439	8 
2440	9 
2441	21 
2442	93 
2443	7 
2444	36 
2445	33 
2446	98 
2447	80 
2448	118 
2449	33 
2450	70 
2451	67 
2452	41 
2453	96 
2454	22 
2455	43 
2456	60 
2457	89 
2458	89 
2459	56 
2460	71 
2461	119 
2462	84 
2463	107 
2464	83 
2465	36 
2466	87 
2467	33 
2468	111 
2469	25 
2470	58 
2471	63 
2472	70 
2473	75 
2474	114 
2475	5 
2476	107 
2477	115 
2478	27 
2479	121 
2480	59 
2481	31 
2482	73 
2483	122 
2484	63 
2485	92 
2486	68 
2487	98 
2488	57 
2489	54 
2490	35 
2491	79 
2492	36 
2493	97 
2494	2 
2495	35 
2496	9 
2497	96 
2498	61 
2499	66 
2500	51 
2501	45 
2502	90 
2503	17 
2504	122 
2505	118 
2506	7 
2507	54 
2508	46 
2509	30 
2510	38 
2511	22 
2512	6 
2513	43 
2514	119 
2515	64 
2516	9 
2517	25 
2518	6 
2519	39 
2520	103 
2521	115 
2522	99 
2523	27 
2524	118 
2525	16 
2526	113 
2527	32 
2528	11 
2529	84 
2530	2 
2531	90 
2532	44 
2533	85 
2534	94 
2535	20 
2536	96 
2537	85 
2538	117 
2539	75 
2540	113 
2541	97 
2542	100 
2543	39 
2544	108 
2545	78 
2546	108 
2547	118 
2548	14 
2549	120 
2550	114 
2551	121 
2552	98 
2553	43 
2554	105 
2555	77 
2556	74 
2557	93 
2558	66 
2559	48 
2560	43 
2561	20 
2562	104 
2563	39 
2564	35 
2565	73 
2566	45 
2567	67 
2568	56 
2569	76 
2570	117 
2571	113 
2572	105 
2573	32 
2574	41 
2575	90 
2576	93 
2577	9 
2578	33 
2579	119 
2580	95 
2581	23 
2582	99 
2583	75 
2584	98 
2585	106 
2586	115 
2587	1 
2588	30 
2589	1 
2590	120 
2591	78 
2592	10 
2593	110 
2594	66 
2595	19 
2596	99 
2597	89 
2598	67 
2599	91 
2600	38 
2601	121 
2602	29 
2603	118 
2604	44 
2605	81 
2606	43 
2607	79 
2608	27 
2609	88 
2610	107 
2611	113 
2612	76 
2613	46 
2614	44 
2615	48 
2616	53 
2617	40 
2618	93 
2619	33 
2620	91 
2621	121 
2622	81 
2623	47 
2624	17 
2625	37 
2626	6 
2627	119 
2628	88 
2629	102 
2630	19 
2631	52 
2632	41 
2633	86 
2634	54 
2635	63 
2636	68 
2637	26 
2638	16 
2639	122 
2640	56 
2641	19 
2642	98 
2643	41 
2644	90 
2645	120 
2646	14 
2647	65 
2648	71 
2649	27 
2650	29 
2651	19 
2652	90 
2653	5 
2654	123 
2655	26 
2656	19 
2657	31 
2658	84 
2659	34 
2660	23 
2661	101 
2662	20 
2663	68 
2664	85 
2665	14 
2666	61 
2667	19 
2668	72 
2669	69 
2670	112 
2671	12 
2672	49 
2673	109 
2674	96 
2675	96 
2676	83 
2677	123 
2678	22 
2679	96 
2680	68 
2681	42 
2682	75 
2683	52 
2684	1 
2685	115 
2686	9 
2687	15 
2688	19 
2689	117 
2690	113 
2691	11 
2692	41 
2693	22 
2694	49 
2695	66 
2696	42 
2697	45 
2698	30 
2699	52 
2700	46 
2701	26 
2702	10 
2703	17 
2704	95 
2705	74 
2706	69 
2707	85 
2708	70 
2709	69 
2710	98 
2711	93 
2712	44 
2713	43 
2714	22 
2715	17 
2716	106 
2717	77 
2718	113 
2719	65 
2720	98 
2721	98 
2722	27 
2723	5 
2724	18 
2725	89 
2726	21 
2727	34 
2728	63 
2729	77 
2730	120 
2731	53 
2732	100 
2733	89 
2734	66 
2735	54 
2736	54 
2737	24 
2738	17 
2739	70 
2740	34 
2741	70 
2742	17 
2743	3 
2744	102 
2745	17 
2746	66 
2747	58 
2748	110 
2749	112 
2750	102 
2751	66 
2752	88 
2753	83 
2754	81 
2755	112 
2756	116 
2757	13 
2758	117 
2759	97 
2760	35 
2761	8 
2762	98 
2763	26 
2764	2 
2765	27 
2766	121 
2767	22 
2768	111 
2769	41 
2770	122 
2771	100 
2772	82 
2773	6 
2774	70 
2775	95 
2776	10 
2777	47 
2778	19 
2779	66 
2780	113 
2781	23 
2782	100 
2783	103 
2784	3 
2785	23 
2786	113 
2787	63 
2788	57 
2789	36 
2790	17 
2791	28 
2792	101 
2793	25 
2794	3 
2795	108 
2796	47 
2797	14 
2798	87 
2799	60 
2800	106 
2801	52 
2802	122 
2803	48 
2804	9 
2805	115 
2806	120 
2807	91 
2808	82 
2809	116 
2810	63 
2811	78 
2812	5 
2813	59 
2814	31 
2815	75 
2816	34 
2817	64 
2818	77 
2819	53 
2820	106 
2821	54 
2822	94 
2823	117 
2824	90 
2825	26 
2826	58 
2827	93 
2828	120 
2829	5 
2830	121 
2831	32 
2832	31 
2833	116 
2834	113 
2835	72 
2836	74 
2837	116 
2838	49 
2839	101 
2840	76 
2841	67 
2842	58 
2843	3 
2844	104 
2845	20 
2846	86 
2847	72 
2848	42 
2849	109 
2850	91 
2851	97 
2852	13 
2853	105 
2854	96 
2855	59 
2856	84 
2857	25 
2858	99 
2859	39 
2860	72 
2861	58 
2862	58 
2863	104 
2864	122 
2865	27 
2866	81 
2867	23 
2868	60 
2869	9 
2870	48 
2871	7 
2872	48 
2873	97 
2874	117 
2875	96 
2876	122 
2877	94 
2878	27 
2879	61 
2880	44 
2881	85 
2882	41 
2883	108 
2884	12 
2885	88 
2886	56 
2887	114 
2888	25 
2889	14 
2890	84 
2891	82 
2892	26 
2893	99 
2894	109 
2895	60 
2896	8 
2897	70 
2898	12 
2899	98 
2900	85 
2901	51 
2902	9 
2903	75 
2904	63 
2905	38 
2906	75 
2907	74 
2908	97 
2909	82 
2910	14 
2911	41 
2912	120 
2913	78 
2914	60 
2915	109 
2916	14 
2917	120 
2918	63 
2919	88 
2920	18 
2921	38 
2922	81 
2923	41 
2924	58 
2925	92 
2926	67 
2927	21 
2928	109 
2929	38 
2930	67 
2931	55 
2932	40 
2933	58 
2934	81 
2935	85 
2936	59 
2937	39 
2938	39 
2939	52 
2940	61 
2941	24 
2942	110 
2943	24 
2944	3 
2945	14 
2946	6 
2947	82 
2948	31 
2949	65 
2950	32 
2951	112 
2952	94 
2953	49 
2954	115 
2955	34 
2956	78 
2957	96 
2958	37 
2959	114 
2960	60 
2961	109 
2962	79 
2963	92 
2964	40 
2965	113 
2966	69 
2967	49 
2968	8 
2969	121 
2970	113 
2971	23 
2972	85 
2973	82 
2974	42 
2975	19 
2976	44 
2977	85 
2978	25 
2979	40 
2980	52 
2981	12 
2982	86 
2983	118 
2984	40 
2985	10 
2986	79 
2987	41 
2988	98 
2989	77 
2990	103 
2991	49 
2992	39 
2993	37 
2994	8 
2995	6 
2996	30 
2997	96 
2998	44 
2999	89 
3000	113 
3001	43 
3002	86 
3003	41 
3004	63 
3005	34 
3006	31 
3007	66 
3008	10 
3009	49 
3010	88 
3011	104 
3012	104 
3013	74 
3014	5 
3015	104 
3016	29 
3017	71 
3018	45 
3019	66 
3020	120 
3021	71 
3022	12 
3023	52 
3024	61 
3025	49 
3026	87 
3027	116 
3028	15 
3029	15 
3030	48 
3031	78 
3032	123 
3033	64 
3034	105 
3035	38 
3036	54 
3037	26 
3038	98 
3039	36 
3040	47 
3041	27 
3042	66 
3043	90 
3044	46 
3045	90 
3046	46 
3047	45 
3048	65 
3049	14 
3050	62 
3051	108 
3052	96 
3053	47 
3054	29 
3055	14 
3056	62 
3057	82 
3058	120 
3059	12 
3060	72 
3061	27 
3062	80 
3063	21 
3064	43 
3065	60 
3066	10 
3067	78 
3068	32 
3069	93 
3070	80 
3071	43 
3072	116 
3073	26 
3074	29 
3075	61 
3076	103 
3077	79 
3078	55 
3079	116 
3080	23 
3081	65 
3082	89 
3083	78 
3084	5 
3085	16 
3086	27 
3087	45 
3088	60 
3089	6 
3090	25 
3091	40 
3092	4 
3093	99 
3094	20 
3095	43 
3096	16 
3097	102 
3098	55 
3099	121 
3100	17 
3101	50 
3102	79 
3103	6 
3104	77 
3105	67 
3106	15 
3107	26 
3108	85 
3109	102 
3110	101 
3111	61 
3112	76 
3113	111 
3114	86 
3115	9 
3116	17 
3117	23 
3118	109 
3119	53 
3120	86 
3121	35 
3122	54 
3123	111 
3124	111 
3125	101 
3126	102 
3127	33 
3128	90 
3129	47 
3130	63 
3131	95 
3132	29 
3133	120 
3134	56 
3135	35 
3136	93 
3137	88 
3138	26 
3139	65 
3140	72 
3141	119 
3142	88 
3143	104 
3144	56 
3145	85 
3146	17 
3147	20 
3148	119 
3149	78 
3150	21 
3151	105 
3152	14 
3153	23 
3154	74 
3155	85 
3156	43 
3157	90 
3158	36 
3159	20 
3160	39 
3161	40 
3162	76 
3163	103 
3164	40 
3165	28 
3166	97 
3167	18 
3168	64 
3169	38 
3170	112 
3171	5 
3172	7 
3173	114 
3174	68 
3175	75 
3176	94 
3177	121 
3178	22 
3179	84 
3180	69 
3181	118 
3182	46 
3183	21 
3184	116 
3185	111 
3186	120 
3187	11 
3188	98 
3189	94 
3190	10 
3191	83 
3192	108 
3193	39 
3194	11 
3195	91 
3196	39 
3197	77 
3198	36 
3199	87 
3200	70 
3201	39 
3202	42 
3203	118 
3204	37 
3205	58 
3206	86 
3207	62 
3208	120 
3209	99 
3210	38 
3211	112 
3212	99 
3213	56 
3214	24 
3215	46 
3216	85 
3217	41 
3218	86 
3219	47 
3220	111 
3221	41 
3222	90 
3223	54 
3224	88 
3225	43 
3226	118 
3227	83 
3228	115 
3229	117 
3230	14 
3231	2 
3232	29 
3233	32 
3234	20 
3235	111 
3236	41 
3237	122 
3238	47 
3239	114 
3240	67 
3241	63 
3242	92 
3243	44 
3244	96 
3245	53 
3246	24 
3247	121 
3248	2 
3249	30 
3250	84 
3251	81 
3252	6 
3253	45 
3254	87 
3255	88 
3256	109 
3257	87 
3258	82 
3259	20 
3260	95 
3261	25 
3262	105 
3263	16 
3264	123 
3265	55 
3266	74 
3267	59 
3268	79 
3269	29 
3270	42 
3271	47 
3272	36 
3273	54 
3274	78 
3275	111 
3276	113 
3277	121 
3278	39 
3279	31 
3280	35 
3281	101 
3282	50 
3283	30 
3284	56 
3285	57 
3286	60 
3287	38 
3288	62 
3289	56 
3290	26 
3291	8 
3292	103 
3293	52 
3294	15 
3295	117 
3296	84 
3297	91 
3298	113 
3299	21 
3300	104 
3301	110 
3302	84 
3303	40 
3304	94 
3305	58 
3306	3 
3307	19 
3308	103 
3309	54 
3310	96 
3311	121 
3312	66 
3313	63 
3314	33 
3315	107 
3316	117 
3317	32 
3318	85 
3319	48 
3320	56 
3321	75 
3322	14 
3323	111 
3324	16 
3325	77 
3326	79 
3327	52 
3328	103 
3329	15 
3330	14 
3331	7 
3332	104 
3333	104 
3334	98 
3335	83 
3336	56 
3337	96 
3338	103 
3339	32 
3340	118 
3341	29 
3342	46 
3343	107 
3344	120 
3345	93 
3346	120 
3347	42 
3348	113 
3349	58 
3350	116 
3351	81 
3352	32 
3353	5 
3354	1 
3355	83 
3356	16 
3357	31 
3358	10 
3359	100 
3360	108 
3361	104 
3362	27 
3363	94 
3364	27 
3365	77 
3366	60 
3367	110 
3368	61 
3369	56 
3370	42 
3371	26 
3372	107 
3373	72 
3374	105 
3375	94 
3376	45 
3377	70 
3378	61 
3379	70 
3380	83 
3381	33 
3382	29 
3383	16 
3384	66 
3385	31 
3386	98 
3387	24 
3388	6 
3389	16 
3390	91 
3391	73 
3392	77 
3393	57 
3394	7 
3395	65 
3396	20 
3397	64 
3398	116 
3399	5 
3400	101 
3401	62 
3402	112 
3403	46 
3404	108 
3405	78 
3406	79 
3407	96 
3408	85 
3409	32 
3410	95 
3411	42 
3412	70 
3413	61 
3414	14 
3415	46 
3416	116 
3417	2 
3418	48 
3419	8 
3420	42 
3421	111 
3422	88 
3423	29 
3424	9 
3425	115 
3426	64 
3427	121 
3428	28 
3429	29 
3430	113 
3431	84 
3432	27 
3433	107 
3434	108 
3435	53 
3436	31 
3437	110 
3438	26 
3439	8 
3440	6 
3441	99 
3442	13 
3443	46 
3444	53 
3445	38 
3446	84 
3447	13 
3448	101 
3449	121 
3450	70 
3451	71 
3452	82 
3453	48 
3454	4 
3455	61 
3456	62 
3457	94 
3458	85 
3459	113 
3460	69 
3461	44 
3462	102 
3463	54 
3464	96 
3465	51 
3466	104 
3467	52 
3468	17 
3469	33 
3470	19 
3471	54 
3472	58 
3473	29 
3474	63 
3475	78 
3476	69 
3477	26 
3478	58 
3479	44 
3480	61 
3481	95 
3482	26 
3483	9 
3484	57 
3485	85 
3486	49 
3487	39 
3488	61 
3489	118 
3490	110 
3491	79 
3492	110 
3493	20 
3494	104 
3495	21 
3496	120 
3497	6 
3498	14 
3499	119 
3500	116 
3501	38 
3502	102 
3503	120 
3504	103 
3505	110 
3506	8 
3507	38 
3508	122 
3509	25 
3510	100 
3511	20 
3512	10 
3513	58 
3514	40 
3515	121 
3516	22 
3517	90 
3518	86 
3519	120 
3520	18 
3521	18 
3522	112 
3523	59 
3524	37 
3525	77 
3526	2 
3527	122 
3528	82 
3529	74 
3530	90 
3531	55 
3532	94 
3533	82 
3534	24 
3535	74 
3536	9 
3537	42 
3538	96 
3539	68 
3540	44 
3541	18 
3542	107 
3543	108 
3544	6 
3545	10 
3546	65 
3547	14 
3548	104 
3549	121 
3550	49 
3551	33 
3552	110 
3553	8 
3554	54 
3555	53 
3556	39 
3557	93 
3558	62 
3559	79 
3560	101 
3561	21 
3562	59 
3563	28 
3564	78 
3565	48 
3566	36 
3567	71 
3568	104 
3569	59 
3570	53 
3571	48 
3572	19 
3573	123 
3574	77 
3575	17 
3576	70 
3577	105 
3578	74 
3579	91 
3580	18 
3581	8 
3582	32 
3583	70 
3584	19 
3585	52 
3586	9 
3587	49 
3588	53 
3589	32 
3590	68 
3591	86 
3592	37 
3593	32 
3594	87 
3595	35 
3596	87 
3597	94 
3598	1 
3599	9 
3600	115 
3601	68 
3602	7 
3603	61 
3604	42 
3605	27 
3606	114 
3607	33 
3608	122 
3609	98 
3610	32 
3611	10 
3612	46 
3613	105 
3614	66 
3615	118 
3616	85 
3617	73 
3618	107 
3619	121 
3620	70 
3621	39 
3622	113 
3623	78 
3624	109 
3625	105 
3626	9 
3627	75 
3628	62 
3629	110 
3630	105 
3631	4 
3632	57 
3633	46 
3634	86 
3635	35 
3636	59 
3637	53 
3638	87 
3639	113 
3640	14 
3641	56 
3642	120 
3643	51 
3644	64 
3645	121 
3646	26 
3647	58 
3648	5 
3649	15 
3650	80 
3651	33 
3652	66 
3653	98 
3654	20 
3655	63 
3656	10 
3657	30 
3658	20 
3659	102 
3660	117 
3661	69 
3662	46 
3663	75 
3664	15 
3665	16 
3666	41 
3667	114 
3668	27 
3669	71 
3670	95 
3671	74 
3672	33 
3673	46 
3674	56 
3675	83 
3676	84 
3677	89 
3678	117 
3679	1 
3680	96 
3681	60 
3682	64 
3683	89 
3684	36 
3685	82 
3686	48 
3687	65 
3688	103 
3689	88 
3690	65 
3691	10 
3692	90 
3693	98 
3694	77 
3695	83 
3696	21 
3697	63 
3698	38 
3699	58 
3700	110 
3701	83 
3702	82 
3703	21 
3704	10 
3705	43 
3706	59 
3707	120 
3708	106 
3709	30 
3710	78 
3711	89 
3712	97 
3713	6 
3714	64 
3715	61 
3716	30 
3717	76 
3718	56 
3719	46 
3720	109 
3721	92 
3722	10 
3723	73 
3724	74 
3725	81 
3726	111 
3727	123 
3728	118 
3729	19 
3730	77 
3731	24 
3732	59 
3733	50 
3734	67 
3735	104 
3736	21 
3737	30 
3738	5 
3739	44 
3740	98 
3741	30 
3742	68 
3743	24 
3744	52 
3745	95 
3746	56 
3747	44 
3748	103 
3749	86 
3750	33 
3751	81 
3752	122 
3753	26 
3754	97 
3755	104 
3756	98 
3757	120 
3758	102 
3759	5 
3760	74 
3761	98 
3762	81 
3763	7 
3764	32 
3765	47 
3766	82 
3767	92 
3768	52 
3769	66 
3770	89 
3771	86 
3772	26 
3773	68 
3774	32 
3775	82 
3776	99 
3777	75 
3778	8 
3779	79 
3780	24 
3781	42 
3782	78 
3783	16 
3784	51 
3785	95 
3786	117 
3787	122 
3788	19 
3789	28 
3790	122 
3791	21 
3792	91 
3793	59 
3794	16 
3795	123 
3796	16 
3797	86 
3798	41 
3799	101 
3800	99 
3801	29 
3802	76 
3803	70 
3804	38 
3805	34 
3806	78 
3807	104 
3808	99 
3809	57 
3810	74 
3811	115 
3812	115 
3813	52 
3814	9 
3815	64 
3816	122 
3817	120 
3818	6 
3819	81 
3820	9 
3821	14 
3822	101 
3823	77 
3824	87 
3825	69 
3826	81 
3827	3 
3828	2 
3829	60 
3830	2 
3831	30 
3832	66 
3833	29 
3834	64 
3835	55 
3836	61 
3837	121 
3838	1 
3839	92 
3840	24 
3841	15 
3842	121 
3843	25 
3844	72 
3845	119 
3846	84 
3847	96 
3848	61 
3849	65 
3850	102 
3851	109 
3852	98 
3853	88 
3854	102 
3855	20 
3856	25 
3857	96 
3858	10 
3859	78 
3860	75 
3861	30 
3862	53 
3863	122 
3864	69 
3865	23 
3866	61 
3867	85 
3868	19 
3869	121 
3870	81 
3871	62 
3872	110 
3873	116 
3874	18 
3875	86 
3876	32 
3877	75 
3878	93 
3879	35 
3880	75 
3881	63 
3882	19 
3883	51 
3884	107 
3885	37 
3886	91 
3887	59 
3888	75 
3889	117 
3890	109 
3891	20 
3892	73 
3893	61 
3894	74 
3895	7 
3896	6 
3897	54 
3898	79 
3899	64 
3900	99 
3901	58 
3902	87 
3903	10 
3904	44 
3905	38 
3906	29 
3907	27 
3908	36 
3909	85 
3910	85 
3911	12 
3912	78 
3913	96 
3914	60 
3915	114 
3916	85 
3917	74 
3918	40 
3919	76 
3920	86 
3921	30 
3922	89 
3923	66 
3924	70 
3925	38 
3926	98 
3927	34 
3928	90 
3929	85 
3930	20 
3931	85 
3932	53 
3933	9 
3934	49 
3935	33 
3936	80 
3937	66 
3938	38 
3939	8 
3940	75 
3941	22 
3942	78 
3943	85 
3944	74 
3945	42 
3946	104 
3947	76 
3948	6 
3949	119 
3950	42 
3951	43 
3952	91 
3953	78 
3954	64 
3955	46 
3956	58 
3957	57 
3958	64 
3959	48 
3960	63 
3961	61 
3962	82 
3963	108 
3964	87 
3965	94 
3966	60 
3967	47 
3968	13 
3969	28 
3970	6 
3971	81 
3972	91 
3973	35 
3974	71 
3975	114 
3976	47 
3977	1 
3978	103 
3979	111 
3980	58 
3981	115 
3982	117 
3983	75 
3984	9 
3985	19 
3986	67 
3987	68 
3988	110 
3989	73 
3990	27 
3991	44 
3992	64 
3993	114 
3994	36 
3995	48 
3996	60 
3997	33 
3998	84 
3999	68 
4000	77 
