1	95
1	490
1	584
1	653
1	748
1	795
1	800
2	190
2	335
2	462
2	583
2	629
2	649
2	714
3	462
3	496
3	584
3	665
3	721
3	766
3	778
4	107
4	484
4	491
4	514
4	526
4	711
4	768
5	11
5	335
5	570
5	612
5	706
5	775
5	777
6	291
6	398
6	472
6	482
6	641
6	652
6	776
7	214
7	336
7	495
7	503
7	615
7	664
7	736
8	205
8	384
8	486
8	586
8	596
8	698
8	755
9	16
9	236
9	416
9	448
9	654
9	675
9	680
10	140
10	447
10	538
10	545
10	592
10	626
10	668
11	5
11	442
11	725
11	740
11	795
11	796
11	799
12	106
12	575
12	640
12	710
12	755
12	797
12	798
13	195
13	196
13	657
13	681
13	702
13	718
13	759
14	268
14	303
14	315
14	404
14	731
14	750
14	758
15	95
15	330
15	366
15	571
15	770
15	771
15	782
16	9
16	243
16	575
16	641
16	679
16	767
16	796
17	349
17	453
17	498
17	601
17	611
17	652
17	789
18	182
18	350
18	482
18	567
18	611
18	704
18	723
19	365
19	451
19	465
19	557
19	559
19	602
19	791
20	206
20	266
20	356
20	566
20	734
20	744
20	799
21	147
21	406
21	476
21	735
21	750
21	766
21	779
22	58
22	104
22	301
22	513
22	526
22	580
22	766
23	82
23	505
23	564
23	686
23	687
23	759
23	783
24	434
24	671
24	731
24	747
24	768
24	781
24	782
25	101
25	280
25	322
25	685
25	690
25	737
25	789
26	443
26	584
26	669
26	688
26	724
26	737
26	770
27	186
27	531
27	564
27	677
27	722
27	754
27	779
28	125
28	268
28	437
28	693
28	744
28	769
28	798
29	340
29	611
29	651
29	671
29	704
29	745
29	784
30	102
30	531
30	670
30	682
30	728
30	749
30	781
31	193
31	356
31	411
31	527
31	559
31	602
31	779
32	562
32	663
32	678
32	729
32	761
32	767
32	783
33	60
33	225
33	312
33	546
33	658
33	773
33	785
34	107
34	381
34	598
34	620
34	681
34	709
34	731
35	290
35	307
35	323
35	383
35	456
35	660
35	714
36	54
36	459
36	495
36	605
36	609
36	753
36	774
37	84
37	442
37	629
37	643
37	656
37	734
37	799
38	297
38	600
38	641
38	719
38	760
38	780
38	794
39	364
39	491
39	618
39	666
39	701
39	763
39	775
40	266
40	368
40	579
40	585
40	597
40	735
40	798
41	99
41	231
41	334
41	545
41	576
41	652
41	714
42	95
42	158
42	333
42	599
42	704
42	723
42	743
43	190
43	218
43	233
43	503
43	576
43	657
43	673
44	143
44	247
44	539
44	723
44	736
44	750
44	793
45	371
45	427
45	570
45	723
45	728
45	786
45	791
46	395
46	409
46	542
46	699
46	732
46	753
46	791
47	86
47	118
47	214
47	337
47	572
47	736
47	768
48	480
48	534
48	618
48	669
48	716
48	771
48	781
49	322
49	604
49	630
49	639
49	689
49	690
49	793
50	118
50	269
50	498
50	726
50	750
50	773
50	793
51	147
51	225
51	500
51	703
51	715
51	759
51	799
52	218
52	246
52	283
52	649
52	731
52	746
52	798
53	299
53	439
53	469
53	500
53	540
53	652
53	763
54	36
54	140
54	596
54	721
54	753
54	765
54	794
55	428
55	473
55	571
55	575
55	599
55	647
55	795
56	160
56	529
56	604
56	697
56	729
56	767
56	794
57	446
57	479
57	521
57	659
57	674
57	732
57	758
58	22
58	157
58	179
58	263
58	583
58	601
58	612
59	288
59	383
59	432
59	507
59	667
59	706
59	719
60	33
60	250
60	378
60	466
60	480
60	739
60	794
61	215
61	247
61	416
61	744
61	748
61	757
61	795
62	172
62	199
62	398
62	413
62	699
62	752
62	791
63	183
63	533
63	622
63	624
63	725
63	756
63	761
64	245
64	318
64	421
64	552
64	597
64	773
64	799
65	184
65	265
65	334
65	604
65	642
65	683
65	698
66	114
66	238
66	303
66	498
66	586
66	707
66	796
67	329
67	572
67	661
67	678
67	700
67	736
67	774
68	173
68	190
68	493
68	608
68	709
68	775
68	791
69	308
69	463
69	509
69	599
69	619
69	759
69	786
70	390
70	486
70	619
70	625
70	637
70	786
70	800
71	105
71	288
71	403
71	694
71	717
71	730
71	799
72	116
72	564
72	655
72	731
72	743
72	757
72	776
73	252
73	313
73	332
73	368
73	535
73	694
73	789
74	182
74	223
74	356
74	362
74	477
74	641
74	780
75	370
75	530
75	697
75	753
75	756
75	765
75	787
76	218
76	251
76	436
76	454
76	719
76	722
76	742
77	273
77	527
77	609
77	626
77	722
77	778
77	785
78	160
78	284
78	454
78	508
78	680
78	729
78	787
79	211
79	323
79	396
79	593
79	730
79	732
79	744
80	448
80	452
80	486
80	495
80	752
80	776
80	793
81	199
81	224
81	442
81	467
81	617
81	751
81	783
82	23
82	641
82	708
82	710
82	755
82	797
82	798
83	106
83	349
83	627
83	701
83	788
83	789
83	793
84	37
84	159
84	196
84	447
84	679
84	701
84	754
85	113
85	154
85	163
85	238
85	363
85	391
85	775
86	47
86	568
86	637
86	725
86	768
86	771
86	796
87	298
87	326
87	682
87	712
87	734
87	759
87	780
88	222
88	234
88	620
88	643
88	693
88	771
88	784
89	214
89	629
89	693
89	735
89	746
89	777
89	789
90	104
90	158
90	189
90	254
90	564
90	709
90	798
91	168
91	346
91	475
91	657
91	713
91	783
91	798
92	460
92	647
92	686
92	732
92	763
92	768
92	793
93	176
93	250
93	436
93	509
93	517
93	672
93	715
94	292
94	457
94	677
94	719
94	761
94	772
94	781
95	1
95	15
95	42
95	640
95	779
95	788
95	797
96	120
96	494
96	572
96	612
96	661
96	687
96	693
97	463
97	570
97	627
97	650
97	658
97	785
97	795
98	101
98	118
98	453
98	648
98	740
98	784
98	795
99	41
99	260
99	325
99	427
99	469
99	554
99	607
100	127
100	466
100	477
100	492
100	615
100	751
100	780
101	25
101	98
101	299
101	420
101	592
101	770
101	782
102	30
102	311
102	571
102	623
102	705
102	708
102	789
103	277
103	285
103	561
103	659
103	716
103	769
103	791
104	22
104	90
104	300
104	487
104	552
104	649
104	737
105	71
105	444
105	536
105	703
105	751
105	786
105	798
106	12
106	83
106	244
106	383
106	650
106	670
106	789
107	4
107	34
107	110
107	392
107	653
107	656
107	664
108	309
108	524
108	625
108	708
108	762
108	763
108	784
109	217
109	545
109	705
109	725
109	767
109	785
109	800
110	107
110	213
110	400
110	539
110	644
110	699
110	705
111	253
111	265
111	541
111	565
111	587
111	630
111	700
112	261
112	519
112	643
112	717
112	757
112	791
112	795
113	85
113	130
113	224
113	603
113	617
113	647
113	790
114	66
114	358
114	696
114	714
114	725
114	758
114	792
114	796
115	289
115	538
115	602
115	604
115	727
115	739
115	755
115	771
116	72
116	264
116	433
116	447
116	544
116	618
116	639
116	694
117	603
117	648
117	659
117	713
117	725
117	732
117	752
117	793
118	47
118	50
118	98
118	590
118	658
118	748
118	792
118	796
119	372
119	398
119	502
119	616
119	645
119	698
119	719
119	750
120	96
120	192
120	341
120	428
120	586
120	710
120	736
120	796
121	649
121	690
121	738
121	754
121	760
121	761
121	772
121	778
122	281
122	439
122	451
122	480
122	574
122	663
122	733
122	778
123	196
123	208
123	375
123	409
123	452
123	472
123	702
123	765
124	208
124	249
124	350
124	397
124	401
124	577
124	624
124	714
125	28
125	155
125	265
125	636
125	688
125	710
125	792
125	794
126	465
126	499
126	547
126	588
126	677
126	769
126	770
126	782
127	100
127	592
127	742
127	756
127	767
127	769
127	783
127	786
128	158
128	565
128	696
128	763
128	775
128	776
128	789
128	797
129	152
129	520
129	551
129	645
129	646
129	755
129	767
129	791
130	113
130	246
130	330
130	389
130	475
130	574
130	722
130	759
131	367
131	659
131	692
131	693
131	730
131	788
131	795
131	797
132	257
132	259
132	365
132	380
132	447
132	450
132	555
132	779
133	237
133	379
133	606
133	664
133	751
133	761
133	769
133	780
134	261
134	328
134	404
134	465
134	672
134	698
134	763
134	783
135	176
135	322
135	372
135	473
135	508
135	682
135	754
135	759
136	293
136	424
136	572
136	591
136	697
136	736
136	773
136	791
137	171
137	197
137	618
137	663
137	671
137	723
137	731
137	780
138	270
138	432
138	577
138	635
138	641
138	650
138	749
138	780
139	311
139	379
139	430
139	515
139	610
139	725
139	780
139	787
140	10
140	54
140	224
140	275
140	593
140	657
140	683
140	713
141	244
141	252
141	531
141	671
141	683
141	693
141	702
141	786
142	293
142	366
142	466
142	553
142	597
142	716
142	733
142	778
143	44
143	291
143	578
143	629
143	677
143	739
143	782
143	798
144	270
144	294
144	565
144	615
144	690
144	761
144	762
144	780
145	220
145	283
145	333
145	710
145	737
145	755
145	787
145	798
146	290
146	309
146	438
146	457
146	476
146	562
146	602
146	760
147	21
147	51
147	149
147	479
147	505
147	593
147	760
147	787
148	374
148	423
148	431
148	443
148	599
148	627
148	730
148	731
149	147
149	198
149	361
149	377
149	473
149	679
149	682
149	789
150	152
150	468
150	529
150	591
150	604
150	661
150	792
150	796
151	396
151	560
151	609
151	611
151	630
151	693
151	749
151	775
152	129
152	150
152	162
152	404
152	407
152	472
152	488
152	740
153	322
153	491
153	505
153	516
153	747
153	756
153	781
153	785
154	85
154	339
154	422
154	444
154	646
154	723
154	741
154	773
155	125
155	256
155	258
155	442
155	587
155	602
155	688
155	732
156	263
156	360
156	538
156	561
156	582
156	687
156	710
156	737
157	58
157	432
157	467
157	545
157	576
157	683
157	734
157	766
158	42
158	90
158	128
158	341
158	600
158	691
158	698
158	763
159	84
159	294
159	400
159	476
159	624
159	729
159	743
159	775
160	56
160	78
160	253
160	282
160	403
160	558
160	606
160	687
161	404
161	535
161	537
161	703
161	715
161	745
161	799
161	800
162	152
162	253
162	299
162	318
162	533
162	576
162	670
162	752
163	85
163	434
163	438
163	556
163	571
163	767
163	775
163	792
164	246
164	251
164	436
164	476
164	699
164	791
164	797
164	799
165	497
165	616
165	642
165	650
165	757
165	762
165	781
165	785
166	196
166	225
166	360
166	644
166	651
166	733
166	737
166	784
167	229
167	243
167	309
167	386
167	648
167	745
167	756
167	770
168	91
168	547
168	590
168	648
168	659
168	717
168	757
168	776
169	407
169	609
169	651
169	715
169	762
169	771
169	785
169	796
170	209
170	406
170	435
170	458
170	604
170	675
170	777
170	779
171	137
171	324
171	460
171	615
171	699
171	741
171	750
171	780
172	62
172	547
172	592
172	650
172	698
172	762
172	765
172	792
173	68
173	204
173	266
173	489
173	657
173	673
173	707
173	790
174	226
174	547
174	555
174	589
174	626
174	689
174	723
174	781
175	181
175	361
175	395
175	605
175	615
175	701
175	711
175	790
176	93
176	135
176	414
176	461
176	495
176	648
176	686
176	787
177	516
177	597
177	600
177	671
177	675
177	697
177	738
177	772
178	207
178	591
178	625
178	695
178	696
178	740
178	742
178	764
179	58
179	222
179	408
179	432
179	632
179	743
179	764
179	782
180	232
180	673
180	687
180	730
180	758
180	767
180	769
180	783
181	175
181	410
181	576
181	594
181	605
181	606
181	631
181	790
182	18
182	74
182	501
182	526
182	746
182	752
182	781
182	793
183	63
183	210
183	325
183	523
183	606
183	749
183	751
183	767
184	65
184	238
184	537
184	589
184	669
184	709
184	710
184	711
185	579
185	638
185	649
185	656
185	669
185	712
185	768
185	781
186	27
186	296
186	604
186	652
186	674
186	698
186	703
186	757
187	403
187	470
187	667
187	708
187	761
187	772
187	778
187	783
188	313
188	515
188	537
188	676
188	704
188	707
188	750
188	773
189	90
189	242
189	689
189	693
189	706
189	724
189	766
189	777
190	2
190	43
190	68
190	225
190	502
190	736
190	773
190	790
191	487
191	516
191	564
191	582
191	595
191	707
191	709
191	784
192	120
192	208
192	233
192	565
192	655
192	706
192	739
192	746
193	31
193	274
193	344
193	410
193	495
193	683
193	791
193	799
194	247
194	380
194	387
194	604
194	708
194	785
194	795
194	796
195	13
195	256
195	387
195	396
195	432
195	526
195	612
195	750
196	13
196	84
196	123
196	166
196	314
196	322
196	574
196	612
197	137
197	289
197	585
197	615
197	626
197	781
197	789
197	797
198	149
198	349
198	374
198	647
198	757
198	769
198	784
198	789
199	62
199	81
199	317
199	358
199	541
199	635
199	696
199	799
200	235
200	240
200	342
200	632
200	692
200	733
200	760
200	779
201	330
201	351
201	377
201	497
201	569
201	709
201	760
201	770
202	267
202	460
202	550
202	563
202	670
202	687
202	730
202	787
203	272
203	301
203	344
203	452
203	486
203	614
203	730
203	746
204	173
204	222
204	546
204	629
204	644
204	706
204	735
204	781
205	8
205	291
205	341
205	514
205	661
205	738
205	757
205	800
206	20
206	238
206	369
206	432
206	440
206	615
206	748
206	780
207	178
207	405
207	538
207	582
207	646
207	721
207	746
207	748
208	123
208	124
208	192
208	401
208	572
208	595
208	752
208	781
209	170
209	496
209	567
209	597
209	639
209	649
209	712
209	752
210	183
210	212
210	218
210	469
210	485
210	617
210	711
210	790
211	79
211	383
211	414
211	519
211	563
211	609
211	643
211	790
212	210
212	229
212	322
212	620
212	687
212	754
212	783
212	784
213	110
213	284
213	360
213	574
213	634
213	680
213	714
213	758
214	7
214	47
214	89
214	268
214	736
214	767
214	769
214	784
215	61
215	369
215	431
215	460
215	520
215	732
215	752
215	780
216	417
216	463
216	593
216	679
216	719
216	735
216	784
216	799
217	109
217	511
217	536
217	663
217	728
217	761
217	773
217	774
217	778
218	43
218	52
218	76
218	210
218	251
218	256
218	308
218	632
218	726
219	268
219	289
219	327
219	338
219	461
219	672
219	686
219	738
219	753
220	145
220	457
220	494
220	537
220	622
220	684
220	735
220	768
220	771
221	270
221	289
221	368
221	463
221	641
221	666
221	764
221	773
221	780
222	88
222	179
222	204
222	463
222	549
222	648
222	665
222	685
222	747
223	74
223	265
223	456
223	634
223	664
223	728
223	729
223	743
223	764
224	81
224	113
224	140
224	301
224	403
224	548
224	586
224	589
224	667
225	33
225	51
225	166
225	190
225	300
225	409
225	557
225	720
225	791
226	174
226	274
226	528
226	592
226	669
226	726
226	772
226	781
226	785
227	242
227	405
227	429
227	462
227	659
227	666
227	687
227	738
227	753
228	260
228	322
228	543
228	721
228	742
228	772
228	779
228	788
228	800
229	167
229	212
229	264
229	400
229	599
229	601
229	613
229	723
229	736
230	385
230	490
230	549
230	593
230	758
230	761
230	766
230	772
230	774
231	41
231	371
231	517
231	633
231	653
231	673
231	751
231	752
231	789
232	180
232	368
232	399
232	489
232	520
232	525
232	589
232	594
232	783
233	43
233	192
233	517
233	534
233	578
233	621
233	662
233	726
233	761
234	88
234	303
234	380
234	381
234	729
234	742
234	764
234	774
234	794
235	200
235	260
235	368
235	380
235	461
235	736
235	738
235	774
235	800
236	9
236	345
236	460
236	618
236	642
236	669
236	758
236	788
236	795
237	133
237	374
237	417
237	434
237	502
237	546
237	561
237	785
237	790
238	66
238	85
238	184
238	206
238	241
238	561
238	717
238	723
238	776
239	317
239	333
239	358
239	570
239	674
239	777
239	783
239	790
239	793
240	200
240	493
240	574
240	622
240	686
240	687
240	721
240	779
240	800
241	238
241	519
241	558
241	646
241	682
241	689
241	745
241	788
241	800
242	189
242	227
242	285
242	525
242	648
242	727
242	739
242	757
242	771
243	16
243	167
243	250
243	304
243	389
243	473
243	641
243	727
243	784
244	106
244	141
244	306
244	477
244	621
244	685
244	760
244	762
244	789
245	64
245	337
245	713
245	718
245	727
245	750
245	761
245	778
245	799
246	52
246	130
246	164
246	548
246	715
246	734
246	746
246	759
246	772
247	44
247	61
247	194
247	323
247	619
247	631
247	647
247	710
247	773
248	394
248	437
248	461
248	549
248	577
248	687
248	700
248	705
248	753
249	124
249	342
249	453
249	460
249	481
249	553
249	720
249	745
249	756
250	60
250	93
250	243
250	351
250	503
250	607
250	670
250	749
250	782
251	76
251	164
251	218
251	262
251	316
251	466
251	630
251	711
251	736
252	73
252	141
252	319
252	682
252	689
252	726
252	740
252	742
252	751
253	111
253	160
253	162
253	388
253	616
253	618
253	673
253	709
253	765
254	90
254	289
254	460
254	579
254	641
254	763
254	768
254	780
254	792
255	401
255	498
255	534
255	541
255	594
255	730
255	762
255	767
255	770
256	155
256	195
256	218
256	384
256	386
256	480
256	660
256	662
256	771
257	132
257	414
257	518
257	526
257	570
257	682
257	724
257	792
257	800
258	155
258	351
258	572
258	573
258	680
258	720
258	764
258	793
258	797
259	132
259	466
259	467
259	537
259	556
259	686
259	698
259	758
259	763
260	99
260	228
260	235
260	277
260	542
260	619
260	692
260	770
260	771
261	112
261	134
261	313
261	316
261	348
261	480
261	519
261	533
261	601
262	251
262	300
262	373
262	635
262	652
262	660
262	663
262	742
262	758
263	58
263	156
263	521
263	582
263	655
263	668
263	691
263	731
263	748
264	116
264	229
264	429
264	598
264	634
264	694
264	716
264	777
264	786
265	65
265	111
265	125
265	223
265	295
265	403
265	574
265	683
265	790
266	20
266	40
266	173
266	349
266	575
266	621
266	627
266	679
266	797
267	202
267	461
267	500
267	537
267	658
267	705
267	754
267	765
267	787
268	14
268	28
268	214
268	219
268	493
268	543
268	728
268	730
268	733
269	50
269	373
269	509
269	622
269	680
269	694
269	702
269	759
269	773
270	138
270	144
270	221
270	524
270	734
270	759
270	780
270	791
270	800
271	463
271	580
271	599
271	638
271	714
271	720
271	784
271	788
271	789
272	203
272	362
272	544
272	653
272	726
272	735
272	750
272	775
272	789
273	77
273	350
273	527
273	528
273	557
273	671
273	711
273	775
273	800
274	193
274	226
274	314
274	395
274	616
274	666
274	756
274	791
274	799
275	140
275	427
275	467
275	571
275	581
275	650
275	762
275	785
275	796
276	326
276	384
276	464
276	503
276	546
276	559
276	575
276	721
276	743
277	103
277	260
277	518
277	523
277	640
277	739
277	750
277	766
277	771
278	406
278	546
278	585
278	672
278	677
278	690
278	694
278	735
278	742
279	370
279	420
279	426
279	471
279	626
279	631
279	671
279	739
279	799
280	25
280	308
280	411
280	418
280	477
280	526
280	541
280	760
280	783
281	122
281	319
281	496
281	500
281	572
281	595
281	621
281	692
281	793
282	160
282	296
282	448
282	592
282	593
282	610
282	635
282	751
282	790
283	52
283	145
283	300
283	606
283	636
283	731
283	779
283	780
283	798
284	78
284	213
284	367
284	683
284	694
284	714
284	728
284	741
284	770
285	103
285	242
285	305
285	316
285	342
285	482
285	488
285	672
285	674
286	547
286	586
286	639
286	643
286	713
286	727
286	753
286	757
286	759
287	302
287	498
287	585
287	593
287	624
287	684
287	733
287	737
287	745
288	59
288	71
288	328
288	403
288	510
288	649
288	680
288	702
288	758
289	115
289	197
289	219
289	221
289	254
289	319
289	708
289	773
289	793
290	35
290	146
290	565
290	649
290	653
290	674
290	691
290	698
290	789
291	6
291	143
291	205
291	336
291	518
291	591
291	600
291	736
291	757
292	94
292	483
292	545
292	568
292	593
292	655
292	712
292	779
292	783
293	136
293	142
293	415
293	465
293	515
293	629
293	710
293	732
293	793
294	144
294	159
294	424
294	494
294	513
294	605
294	729
294	733
294	794
295	265
295	340
295	580
295	624
295	683
295	744
295	751
295	779
295	787
296	186
296	282
296	593
296	647
296	657
296	748
296	788
296	797
296	799
297	38
297	305
297	394
297	559
297	621
297	633
297	666
297	691
297	736
298	87
298	485
298	557
298	566
298	568
298	694
298	696
298	745
298	756
298	774
299	53
299	101
299	162
299	356
299	404
299	410
299	439
299	640
299	645
299	782
300	104
300	225
300	262
300	283
300	522
300	718
300	763
300	765
300	791
300	795
301	22
301	203
301	224
301	366
301	525
301	622
301	695
301	700
301	712
301	772
302	287
302	397
302	443
302	520
302	527
302	534
302	538
302	607
302	698
302	711
303	14
303	66
303	234
303	421
303	545
303	699
303	701
303	715
303	762
303	768
304	243
304	362
304	440
304	680
304	695
304	705
304	729
304	733
304	774
304	787
305	285
305	297
305	314
305	338
305	436
305	628
305	637
305	681
305	712
305	713
306	244
306	402
306	452
306	588
306	641
306	648
306	690
306	732
306	742
306	784
307	35
307	420
307	461
307	521
307	636
307	665
307	676
307	689
307	721
307	728
308	69
308	218
308	280
308	356
308	436
308	506
308	612
308	762
308	776
308	778
309	108
309	146
309	167
309	505
309	512
309	558
309	605
309	632
309	636
309	772
310	496
310	528
310	677
310	724
310	726
310	755
310	768
310	782
310	796
310	798
311	102
311	139
311	401
311	510
311	531
311	698
311	710
311	735
311	763
311	768
312	33
312	406
312	425
312	477
312	503
312	539
312	705
312	708
312	761
312	792
313	73
313	188
313	261
313	337
313	342
313	438
313	527
313	540
313	571
313	763
314	196
314	274
314	305
314	361
314	440
314	530
314	546
314	636
314	657
314	766
315	14
315	501
315	510
315	603
315	624
315	712
315	735
315	749
315	752
315	793
316	251
316	261
316	285
316	340
316	408
316	443
316	630
316	638
316	652
316	712
317	199
317	239
317	481
317	518
317	525
317	526
317	536
317	674
317	717
317	776
318	64
318	162
318	533
318	543
318	567
318	594
318	640
318	673
318	773
318	790
319	252
319	281
319	289
319	520
319	528
319	613
319	622
319	644
319	735
319	794
320	383
320	449
320	589
320	717
320	718
320	757
320	763
320	774
320	780
320	782
321	467
321	540
321	654
321	671
321	700
321	728
321	749
321	752
321	771
321	793
322	25
322	49
322	135
322	153
322	196
322	212
322	228
322	374
322	648
322	735
323	35
323	79
323	247
323	576
323	698
323	711
323	761
323	763
323	775
323	779
324	171
324	487
324	586
324	711
324	712
324	722
324	729
324	734
324	746
324	759
325	99
325	183
325	583
325	628
325	657
325	665
325	674
325	713
325	734
325	768
326	87
326	276
326	440
326	501
326	551
326	676
326	709
326	715
326	728
326	784
327	219
327	336
327	455
327	564
327	596
327	687
327	748
327	765
327	787
327	800
328	134
328	288
328	366
328	481
328	571
328	602
328	609
328	623
328	688
328	707
329	67
329	353
329	446
329	544
329	604
329	681
329	762
329	766
329	773
329	799
330	15
330	130
330	201
330	353
330	468
330	488
330	734
330	765
330	777
330	798
331	387
331	471
331	515
331	533
331	624
331	672
331	715
331	765
331	781
331	787
332	73
332	376
332	495
332	508
332	614
332	635
332	753
332	754
332	758
332	759
333	42
333	145
333	239
333	422
333	445
333	516
333	607
333	651
333	750
333	763
334	41
334	65
334	359
334	392
334	407
334	506
334	529
334	605
334	726
334	770
335	2
335	5
335	407
335	441
335	503
335	587
335	594
335	610
335	693
335	768
336	7
336	291
336	327
336	410
336	558
336	572
336	674
336	736
336	741
336	794
337	47
337	245
337	313
337	592
337	616
337	646
337	729
337	750
337	773
337	775
338	219
338	305
338	419
338	587
338	591
338	651
338	709
338	710
338	755
338	798
339	154
339	450
339	487
339	521
339	632
339	731
339	755
339	775
339	795
339	798
340	29
340	295
340	316
340	450
340	514
340	541
340	667
340	707
340	732
340	737
341	120
341	158
341	205
341	477
341	527
341	591
341	661
341	712
341	743
341	799
342	200
342	249
342	285
342	313
342	667
342	674
342	717
342	750
342	757
342	770
343	429
343	468
343	554
343	707
343	757
343	760
343	788
343	789
343	795
343	797
344	193
344	203
344	497
344	514
344	542
344	565
344	613
344	655
344	669
344	746
345	236
345	358
345	417
345	513
345	573
345	639
345	642
345	718
345	774
345	778
346	91
346	581
346	596
346	640
346	722
346	730
346	758
346	767
346	769
346	783
347	379
347	576
347	584
347	691
347	692
347	735
347	753
347	762
347	787
347	792
348	261
348	364
348	428
348	479
348	484
348	550
348	616
348	681
348	697
348	782
349	17
349	83
349	198
349	266
349	486
349	597
349	647
349	694
349	749
349	759
350	18
350	124
350	273
350	378
350	485
350	543
350	650
350	690
350	720
350	798
351	201
351	250
351	258
351	591
351	694
351	699
351	716
351	741
351	756
351	776
352	431
352	513
352	568
352	694
352	716
352	762
352	778
352	785
352	792
352	796
353	329
353	330
353	448
353	614
353	701
353	724
353	752
353	759
353	761
353	778
354	385
354	429
354	442
354	625
354	689
354	696
354	716
354	742
354	745
354	749
355	366
355	420
355	505
355	566
355	576
355	671
355	692
355	701
355	713
355	744
356	20
356	31
356	74
356	299
356	308
356	557
356	717
356	768
356	779
356	791
357	360
357	419
357	443
357	633
357	645
357	737
357	762
357	766
357	790
357	795
358	114
358	199
358	239
358	345
358	363
358	472
358	492
358	643
358	660
358	674
359	334
359	424
359	560
359	634
359	669
359	718
359	759
359	774
359	775
359	778
360	156
360	166
360	213
360	357
360	424
360	499
360	526
360	675
360	720
360	786
361	149
361	175
361	314
361	539
361	590
361	644
361	651
361	690
361	735
361	795
362	74
362	272
362	304
362	396
362	482
362	565
362	582
362	653
362	680
362	784
363	85
363	358
363	503
363	576
363	686
363	687
363	708
363	753
363	787
363	797
364	39
364	348
364	394
364	491
364	510
364	560
364	670
364	685
364	723
364	730
364	775
365	19
365	132
365	369
365	415
365	481
365	512
365	680
365	745
365	756
365	793
365	797
366	15
366	142
366	301
366	328
366	355
366	488
366	621
366	681
366	701
366	729
366	766
367	131
367	284
367	499
367	561
367	675
367	692
367	739
367	750
367	771
367	778
367	782
368	40
368	73
368	221
368	232
368	235
368	468
368	568
368	684
368	754
368	784
368	789
369	206
369	215
369	365
369	432
369	641
369	733
369	738
369	753
369	780
369	790
369	792
370	75
370	279
370	376
370	677
370	707
370	744
370	784
370	785
370	788
370	795
370	797
371	45
371	231
371	557
371	610
371	625
371	675
371	703
371	744
371	754
371	775
371	786
372	119
372	135
372	438
372	502
372	605
372	673
372	731
372	751
372	755
372	784
372	789
373	262
373	269
373	521
373	544
373	566
373	619
373	688
373	702
373	747
373	752
373	786
374	148
374	198
374	237
374	322
374	565
374	599
374	673
374	716
374	785
374	789
374	800
375	123
375	427
375	444
375	508
375	548
375	627
375	653
375	702
375	738
375	763
375	786
376	332
376	370
376	543
376	554
376	609
376	692
376	733
376	749
376	751
376	754
376	794
377	149
377	201
377	399
377	494
377	526
377	687
377	700
377	752
377	790
377	791
377	793
378	60
378	350
378	399
378	420
378	453
378	590
378	632
378	719
378	754
378	775
378	783
379	133
379	139
379	347
379	504
379	582
379	648
379	652
379	699
379	714
379	765
379	787
380	132
380	194
380	234
380	235
380	501
380	602
380	617
380	684
380	772
380	779
380	794
381	34
381	234
381	444
381	450
381	457
381	498
381	537
381	639
381	641
381	733
381	794
382	399
382	412
382	433
382	531
382	539
382	585
382	719
382	754
382	777
382	781
382	799
383	35
383	59
383	106
383	211
383	320
383	499
383	571
383	691
383	772
383	774
383	778
384	8
384	256
384	276
384	466
384	601
384	726
384	731
384	748
384	755
384	798
384	800
385	230
385	354
385	506
385	560
385	566
385	588
385	635
385	660
385	765
385	799
385	800
386	167
386	256
386	466
386	592
386	646
386	682
386	699
386	718
386	742
386	760
386	766
387	194
387	195
387	331
387	584
387	657
387	704
387	727
387	765
387	766
387	787
387	793
388	253
388	397
388	466
388	520
388	573
388	654
388	678
388	788
388	789
388	795
388	797
389	130
389	243
389	437
389	464
389	513
389	543
389	671
389	740
389	767
389	769
389	773
390	70
390	413
390	496
390	613
390	630
390	654
390	728
390	740
390	745
390	748
390	756
391	85
391	479
391	548
391	557
391	609
391	640
391	665
391	698
391	763
391	785
391	787
392	107
392	334
392	489
392	630
392	639
392	670
392	686
392	714
392	739
392	741
392	743
393	397
393	400
393	431
393	547
393	583
393	625
393	671
393	703
393	781
393	786
393	794
394	248
394	297
394	364
394	613
394	642
394	678
394	733
394	744
394	748
394	772
394	796
395	46
395	175
395	274
395	480
395	579
395	585
395	649
395	659
395	677
395	739
395	800
396	79
396	151
396	195
396	362
396	679
396	719
396	740
396	761
396	771
396	772
396	774
397	124
397	302
397	388
397	393
397	516
397	529
397	591
397	661
397	691
397	705
397	736
398	6
398	62
398	119
398	422
398	514
398	617
398	668
398	673
398	721
398	723
398	773
399	232
399	377
399	378
399	382
399	419
399	543
399	567
399	578
399	584
399	700
399	747
400	110
400	159
400	229
400	393
400	447
400	567
400	595
400	642
400	714
400	780
400	788
401	124
401	208
401	255
401	311
401	474
401	529
401	572
401	644
401	661
401	666
401	762
402	306
402	412
402	418
402	497
402	559
402	585
402	730
402	742
402	754
402	756
402	784
403	71
403	160
403	187
403	224
403	265
403	288
403	596
403	649
403	660
403	793
403	799
404	14
404	134
404	152
404	161
404	299
404	435
404	540
404	557
404	579
404	664
404	715
404	739
405	207
405	227
405	516
405	539
405	583
405	628
405	725
405	755
405	782
405	792
405	794
405	796
406	21
406	170
406	278
406	312
406	575
406	678
406	715
406	738
406	755
406	767
406	779
406	800
407	152
407	169
407	334
407	335
407	442
407	561
407	684
407	693
407	742
407	751
407	777
407	790
408	179
408	316
408	467
408	613
408	618
408	674
408	714
408	720
408	734
408	754
408	764
408	779
409	46
409	123
409	225
409	449
409	522
409	640
409	677
409	770
409	774
409	782
409	786
409	791
410	181
410	193
410	299
410	336
410	472
410	625
410	671
410	700
410	703
410	786
410	787
410	794
411	31
411	280
411	522
411	531
411	644
411	658
411	672
411	755
411	762
411	785
411	792
411	796
412	382
412	402
412	479
412	573
412	585
412	591
412	601
412	658
412	703
412	784
412	789
412	792
413	62
413	390
413	417
413	512
413	532
413	548
413	624
413	632
413	718
413	769
413	783
413	789
414	176
414	211
414	257
414	562
414	563
414	612
414	676
414	697
414	727
414	760
414	781
414	800
415	293
415	365
415	432
415	460
415	477
415	479
415	501
415	641
415	751
415	760
415	769
415	780
416	9
416	61
416	428
416	447
416	518
416	523
416	635
416	675
416	697
416	721
416	727
416	784
417	216
417	237
417	345
417	413
417	478
417	548
417	657
417	690
417	725
417	730
417	771
417	783
418	280
418	402
418	438
418	463
418	470
418	505
418	585
418	699
418	718
418	789
418	793
418	794
419	338
419	357
419	399
419	450
419	480
419	574
419	643
419	737
419	754
419	784
419	788
419	799
420	101
420	279
420	307
420	355
420	378
420	539
420	592
420	603
420	608
420	626
420	651
420	677
421	64
421	303
421	478
421	501
421	503
421	524
421	569
421	659
421	690
421	693
421	791
421	799
422	154
422	333
422	398
422	468
422	535
422	559
422	681
422	685
422	704
422	782
422	784
422	786
423	148
423	496
423	662
423	675
423	722
423	744
423	748
423	757
423	788
423	795
423	797
423	799
424	136
424	294
424	359
424	360
424	436
424	450
424	451
424	455
424	510
424	574
424	626
424	757
425	312
425	439
425	548
425	620
425	675
425	692
425	715
425	770
425	771
425	780
425	782
425	785
426	279
426	451
426	500
426	513
426	587
426	637
426	695
426	700
426	727
426	732
426	749
426	779
427	45
427	99
427	275
427	375
427	472
427	519
427	568
427	610
427	656
427	702
427	792
427	800
428	55
428	120
428	348
428	416
428	555
428	694
428	697
428	702
428	766
428	779
428	790
428	800
429	227
429	264
429	343
429	354
429	481
429	503
429	546
429	650
429	672
429	724
429	727
429	755
430	139
430	478
430	493
430	510
430	525
430	628
430	647
430	652
430	730
430	764
430	767
430	783
431	148
431	215
431	352
431	393
431	551
431	555
431	580
431	696
431	727
431	739
431	770
431	771
432	59
432	138
432	157
432	179
432	195
432	206
432	369
432	415
432	616
432	669
432	717
432	780
433	116
433	382
433	445
433	568
433	588
433	594
433	624
433	686
433	717
433	721
433	767
433	768
434	24
434	163
434	237
434	470
434	535
434	540
434	563
434	569
434	683
434	684
434	773
434	796
435	170
435	404
435	472
435	485
435	599
435	646
435	689
435	718
435	728
435	740
435	744
435	761
436	76
436	93
436	164
436	305
436	308
436	424
436	443
436	570
436	599
436	732
436	742
436	768
437	28
437	248
437	389
437	462
437	493
437	513
437	658
437	763
437	768
437	776
437	783
437	786
438	146
438	163
438	313
438	372
438	418
438	458
438	628
438	671
438	685
438	731
438	784
438	799
439	53
439	122
439	299
439	425
439	470
439	675
439	677
439	727
439	747
439	789
439	790
439	796
440	206
440	304
440	314
440	326
440	588
440	594
440	600
440	630
440	637
440	646
440	679
440	728
441	335
441	517
441	539
441	559
441	620
441	661
441	670
441	672
441	716
441	748
441	754
441	794
442	11
442	37
442	81
442	155
442	354
442	407
442	470
442	599
442	663
442	678
442	683
442	684
443	26
443	148
443	302
443	316
443	357
443	436
443	484
443	556
443	721
443	741
443	784
443	788
444	105
444	154
444	375
444	381
444	509
444	546
444	625
444	653
444	685
444	703
444	718
444	776
444	786
445	333
445	433
445	495
445	502
445	567
445	607
445	623
445	625
445	656
445	686
445	687
445	753
445	765
446	57
446	329
446	455
446	468
446	565
446	614
446	662
446	701
446	747
446	759
446	766
446	780
446	797
447	10
447	84
447	116
447	132
447	400
447	416
447	666
447	679
447	698
447	702
447	713
447	714
447	772
448	9
448	80
448	282
448	353
448	460
448	547
448	654
448	659
448	676
448	729
448	744
448	795
448	797
449	320
449	409
449	558
449	584
449	621
449	667
449	670
449	703
449	718
449	728
449	772
449	776
449	778
450	132
450	339
450	340
450	381
450	419
450	424
450	476
450	514
450	519
450	678
450	732
450	745
450	785
451	19
451	122
451	424
451	426
451	484
451	515
451	574
451	612
451	635
451	647
451	764
451	779
451	799
452	80
452	123
452	203
452	306
452	619
452	629
452	671
452	681
452	702
452	738
452	785
452	786
452	789
453	17
453	98
453	249
453	378
453	535
453	627
453	634
453	685
453	689
453	696
453	741
453	753
453	790
454	76
454	78
454	492
454	547
454	583
454	610
454	621
454	674
454	717
454	750
454	776
454	777
454	797
455	327
455	424
455	446
455	489
455	539
455	568
455	616
455	621
455	702
455	733
455	735
455	777
455	787
456	35
456	223
456	496
456	507
456	531
456	629
456	633
456	666
456	674
456	724
456	746
456	771
456	784
457	94
457	146
457	220
457	381
457	541
457	658
457	690
457	692
457	695
457	722
457	733
457	737
457	765
458	170
458	438
458	572
458	575
458	586
458	614
458	627
458	685
458	703
458	749
458	786
458	789
458	799
459	36
459	491
459	527
459	568
459	598
459	654
459	663
459	730
459	763
459	767
459	783
459	791
459	796
460	92
460	171
460	202
460	215
460	236
460	249
460	254
460	415
460	448
460	546
460	615
460	650
460	790
461	176
461	219
461	235
461	248
461	267
461	307
461	473
461	489
461	587
461	755
461	787
461	791
461	797
462	2
462	3
462	227
462	437
462	581
462	636
462	716
462	741
462	743
462	752
462	762
462	797
462	800
463	69
463	97
463	216
463	221
463	222
463	271
463	418
463	597
463	601
463	679
463	688
463	758
463	770
464	276
464	389
464	602
464	641
464	676
464	697
464	701
464	721
464	738
464	746
464	779
464	787
464	800
465	19
465	126
465	134
465	293
465	490
465	600
465	634
465	715
465	744
465	758
465	761
465	791
465	799
466	60
466	100
466	142
466	251
466	259
466	384
466	386
466	388
466	680
466	716
466	722
466	790
466	794
467	81
467	157
467	259
467	275
467	321
467	408
467	487
467	617
467	695
467	700
467	729
467	733
467	799
468	150
468	330
468	343
468	368
468	422
468	446
468	530
468	646
468	679
468	734
468	736
468	751
468	759
469	53
469	99
469	210
469	504
469	521
469	553
469	577
469	590
469	593
469	684
469	779
469	790
469	797
470	187
470	418
470	434
470	439
470	442
470	607
470	684
470	730
470	741
470	766
470	769
470	790
470	796
471	279
471	331
471	474
471	558
471	592
471	611
471	640
471	690
471	692
471	733
471	739
471	773
471	783
472	6
472	123
472	152
472	358
472	410
472	427
472	435
472	615
472	619
472	646
472	683
472	696
472	703
473	55
473	135
473	149
473	243
473	461
473	585
473	596
473	715
473	740
473	749
473	766
473	784
473	785
474	401
474	471
474	553
474	578
474	668
474	704
474	715
474	723
474	773
474	778
474	783
474	785
474	796
475	91
475	130
475	633
475	695
475	712
475	717
475	738
475	741
475	759
475	760
475	765
475	766
475	789
476	21
476	146
476	159
476	164
476	450
476	510
476	562
476	571
476	663
476	711
476	763
476	764
476	775
477	74
477	100
477	244
477	280
477	312
477	341
477	415
477	551
477	615
477	646
477	697
477	758
477	780
477	785
478	417
478	421
478	430
478	513
478	530
478	548
478	598
478	634
478	682
478	687
478	712
478	746
478	767
478	795
479	57
479	147
479	348
479	391
479	412
479	415
479	516
479	537
479	650
479	697
479	699
479	744
479	748
479	800
480	48
480	60
480	122
480	256
480	261
480	395
480	419
480	488
480	519
480	581
480	654
480	676
480	731
480	737
481	249
481	317
481	328
481	365
481	429
481	488
481	551
481	578
481	604
481	630
481	645
481	699
481	719
481	747
482	6
482	18
482	285
482	362
482	524
482	551
482	558
482	570
482	638
482	641
482	652
482	739
482	776
482	798
483	292
483	573
483	603
483	607
483	615
483	627
483	653
483	659
483	691
483	734
483	746
483	764
483	777
483	785
484	4
484	348
484	443
484	451
484	610
484	612
484	640
484	653
484	674
484	734
484	737
484	747
484	774
484	785
485	210
485	298
485	350
485	435
485	536
485	538
485	551
485	552
485	600
485	622
485	684
485	721
485	728
485	799
486	8
486	70
486	80
486	203
486	349
486	519
486	578
486	608
486	614
486	636
486	658
486	732
486	749
486	793
487	104
487	191
487	324
487	339
487	467
487	552
487	657
487	665
487	680
487	726
487	737
487	755
487	782
487	798
488	152
488	285
488	330
488	366
488	480
488	481
488	509
488	531
488	577
488	669
488	676
488	742
488	750
488	751
489	173
489	232
489	392
489	455
489	461
489	510
489	541
489	588
489	669
489	724
489	734
489	747
489	765
489	783
490	1
490	230
490	465
490	613
490	617
490	654
490	667
490	671
490	677
490	709
490	719
490	772
490	778
490	794
491	4
491	39
491	153
491	364
491	459
491	531
491	571
491	638
491	646
491	689
491	740
491	751
491	769
491	771
492	100
492	358
492	454
492	523
492	547
492	600
492	638
492	702
492	704
492	725
492	756
492	757
492	775
492	794
493	68
493	240
493	268
493	430
493	437
493	500
493	632
493	663
493	744
493	761
493	763
493	769
493	795
493	800
494	96
494	220
494	294
494	377
494	504
494	511
494	614
494	631
494	632
494	668
494	688
494	702
494	706
494	762
495	7
495	36
495	80
495	176
495	193
495	332
495	445
495	714
495	716
495	765
495	775
495	787
495	793
495	794
496	3
496	209
496	281
496	310
496	390
496	423
496	456
496	517
496	680
496	737
496	741
496	743
496	772
496	780
497	165
497	201
497	344
497	402
497	604
497	620
497	630
497	654
497	683
497	689
497	710
497	717
497	726
497	755
498	17
498	50
498	66
498	255
498	287
498	381
498	532
498	554
498	598
498	663
498	672
498	749
498	769
498	783
499	126
499	360
499	367
499	383
499	525
499	527
499	554
499	562
499	640
499	649
499	702
499	770
499	771
499	792
500	51
500	53
500	267
500	281
500	426
500	493
500	633
500	670
500	672
500	695
500	711
500	716
500	741
500	767
501	182
501	315
501	326
501	380
501	415
501	421
501	521
501	553
501	578
501	611
501	638
501	675
501	749
501	793
502	119
502	190
502	237
502	372
502	445
502	532
502	538
502	551
502	563
502	610
502	673
502	684
502	736
502	789
503	7
503	43
503	250
503	276
503	312
503	335
503	363
503	421
503	429
503	522
503	618
503	633
503	752
503	787
504	379
504	469
504	494
504	562
504	604
504	707
504	722
504	723
504	752
504	754
504	764
504	766
504	794
504	796
505	23
505	147
505	153
505	309
505	355
505	418
505	530
505	583
505	592
505	604
505	696
505	728
505	742
505	774
506	308
506	334
506	385
506	558
506	639
506	708
506	732
506	748
506	750
506	754
506	761
506	766
506	774
506	778
507	59
507	456
507	563
507	571
507	578
507	607
507	617
507	673
507	732
507	756
507	762
507	768
507	775
507	790
508	78
508	135
508	332
508	375
508	563
508	589
508	614
508	619
508	627
508	693
508	720
508	722
508	762
508	791
509	69
509	93
509	269
509	444
509	488
509	610
509	628
509	651
509	698
509	702
509	703
509	756
509	777
509	778
510	288
510	311
510	315
510	364
510	424
510	430
510	476
510	489
510	560
510	567
510	623
510	643
510	688
510	775
511	217
511	494
511	555
511	626
511	650
511	699
511	705
511	708
511	746
511	776
511	785
511	792
511	796
511	797
512	309
512	365
512	413
512	515
512	547
512	571
512	654
512	658
512	676
512	698
512	711
512	740
512	753
512	756
513	22
513	294
513	345
513	352
513	389
513	426
513	437
513	478
513	549
513	663
513	684
513	769
513	783
513	795
514	4
514	205
514	340
514	344
514	398
514	450
514	519
514	526
514	612
514	626
514	729
514	742
514	762
514	786
515	139
515	188
515	293
515	331
515	451
515	512
515	584
515	636
515	679
515	686
515	753
515	755
515	765
515	774
515	786
516	153
516	177
516	191
516	333
516	397
516	405
516	479
516	562
516	612
516	670
516	707
516	738
516	760
516	779
516	784
517	93
517	231
517	233
517	441
517	496
517	533
517	673
517	688
517	714
517	723
517	725
517	729
517	743
517	766
517	796
518	257
518	277
518	291
518	317
518	416
518	585
518	611
518	672
518	675
518	721
518	743
518	760
518	765
518	778
518	800
519	112
519	211
519	241
519	261
519	427
519	450
519	480
519	486
519	514
519	552
519	574
519	619
519	737
519	749
519	774
520	129
520	215
520	232
520	302
520	319
520	388
520	540
520	581
520	700
520	702
520	711
520	723
520	734
520	763
520	775
521	57
521	263
521	307
521	339
521	373
521	469
521	501
521	552
521	566
521	579
521	651
521	699
521	728
521	757
521	758
522	300
522	409
522	411
522	503
522	550
522	640
522	642
522	692
522	727
522	768
522	770
522	782
522	790
522	794
522	799
523	183
523	277
523	416
523	492
523	570
523	630
523	652
523	674
523	704
523	709
523	754
523	757
523	760
523	769
523	776
524	108
524	270
524	421
524	482
524	563
524	619
524	621
524	705
524	708
524	732
524	762
524	774
524	788
524	792
524	796
525	232
525	242
525	301
525	317
525	430
525	499
525	592
525	665
525	692
525	699
525	701
525	757
525	761
525	770
525	782
526	4
526	22
526	182
526	195
526	257
526	280
526	317
526	360
526	377
526	514
526	718
526	721
526	737
526	763
526	788
527	31
527	77
527	273
527	302
527	313
527	341
527	459
527	499
527	581
527	585
527	698
527	710
527	718
527	731
527	737
528	226
528	273
528	310
528	319
528	541
528	564
528	625
528	635
528	644
528	693
528	720
528	724
528	756
528	764
528	768
529	56
529	150
529	334
529	397
529	401
529	554
529	556
529	591
529	615
529	652
529	661
529	736
529	737
529	767
529	795
530	75
530	314
530	468
530	478
530	505
530	538
530	586
530	642
530	675
530	694
530	706
530	712
530	759
530	766
530	774
531	27
531	30
531	141
531	311
531	382
531	411
531	456
531	488
531	491
531	692
531	696
531	707
531	745
531	756
531	765
532	413
532	498
532	502
532	541
532	548
532	612
532	644
532	687
532	707
532	716
532	769
532	783
532	786
532	791
532	792
533	63
533	162
533	261
533	318
533	331
533	517
533	601
533	617
533	655
533	703
533	751
533	755
533	788
533	790
533	793
534	48
534	233
534	255
534	302
534	559
534	677
534	682
534	698
534	716
534	719
534	733
534	737
534	741
534	743
534	776
535	73
535	161
535	422
535	434
535	453
535	556
535	575
535	633
535	648
535	679
535	751
535	788
535	789
535	791
535	793
536	105
536	217
536	317
536	485
536	546
536	554
536	649
536	653
536	654
536	705
536	748
536	769
536	788
536	795
536	797
537	161
537	184
537	188
537	220
537	259
537	267
537	381
537	479
537	590
537	669
537	697
537	768
537	780
537	781
537	785
538	10
538	115
538	156
538	207
538	302
538	485
538	502
538	530
538	573
538	581
538	653
538	682
538	691
538	718
538	746
539	44
539	110
539	312
539	361
539	382
539	405
539	420
539	441
539	455
539	590
539	622
539	700
539	720
539	724
539	753
540	53
540	313
540	321
540	404
540	434
540	520
540	609
540	623
540	702
540	710
540	753
540	760
540	773
540	775
540	781
540	799
541	111
541	199
541	255
541	280
541	340
541	457
541	489
541	528
541	532
541	559
541	560
541	696
541	730
541	767
541	769
541	783
542	46
542	260
542	344
542	564
542	654
542	672
542	689
542	696
542	697
542	707
542	741
542	748
542	787
542	788
542	795
542	797
543	228
543	268
543	318
543	350
543	376
543	389
543	399
543	580
543	634
543	664
543	695
543	722
543	724
543	764
543	778
543	794
544	116
544	272
544	329
544	373
544	545
544	565
544	573
544	609
544	655
544	691
544	705
544	716
544	729
544	746
544	783
544	784
545	10
545	41
545	109
545	157
545	292
545	303
545	544
545	578
545	582
545	653
545	670
545	683
545	691
545	705
545	734
545	746
546	33
546	204
546	237
546	276
546	278
546	314
546	429
546	444
546	460
546	536
546	629
546	714
546	728
546	741
546	772
546	775
547	126
547	168
547	172
547	174
547	286
547	393
547	448
547	454
547	492
547	512
547	600
547	638
547	643
547	704
547	753
547	776
548	224
548	246
548	375
548	391
548	413
548	417
548	425
548	478
548	532
548	587
548	657
548	663
548	730
548	767
548	777
548	785
549	222
549	230
549	248
549	513
549	569
549	591
549	674
549	709
549	710
549	717
549	726
549	740
549	755
549	785
549	787
549	798
550	202
550	348
550	522
550	557
550	643
550	662
550	717
550	721
550	738
550	742
550	744
550	760
550	779
550	791
550	798
550	800
551	129
551	326
551	431
551	477
551	481
551	482
551	485
551	502
551	572
551	639
551	676
551	706
551	726
551	740
551	742
551	762
552	64
552	104
552	485
552	487
552	519
552	521
552	557
552	584
552	613
552	620
552	652
552	660
552	666
552	699
552	756
552	758
553	142
553	249
553	469
553	474
553	501
553	567
553	578
553	647
553	673
553	675
553	732
553	735
553	748
553	774
553	790
553	793
554	99
554	343
554	376
554	498
554	499
554	529
554	536
554	640
554	678
554	744
554	750
554	752
554	781
554	788
554	795
554	797
555	132
555	174
555	428
555	431
555	511
555	584
555	637
555	656
555	660
555	669
555	693
555	695
555	706
555	768
555	772
555	791
556	163
556	259
556	443
556	529
556	535
556	648
556	686
556	690
556	720
556	729
556	733
556	754
556	764
556	768
556	795
556	800
557	19
557	225
557	273
557	298
557	356
557	371
557	391
557	404
557	550
557	552
557	559
557	645
557	685
557	758
557	774
557	778
558	160
558	241
558	309
558	336
558	449
558	471
558	482
558	506
558	568
558	613
558	685
558	696
558	719
558	730
558	774
558	778
559	19
559	31
559	276
559	297
559	402
559	422
559	441
559	534
559	541
559	557
559	598
559	621
559	642
559	720
559	743
559	799
560	151
560	359
560	364
560	385
560	510
560	541
560	581
560	701
560	703
560	705
560	711
560	714
560	761
560	763
560	775
560	789
561	103
561	156
561	237
561	238
561	367
561	407
561	569
561	606
561	638
561	643
561	674
561	717
561	757
561	776
561	785
561	788
562	32
562	146
562	414
562	476
562	499
562	504
562	516
562	669
562	672
562	726
562	738
562	760
562	761
562	779
562	787
562	800
563	202
563	211
563	414
563	434
563	502
563	507
563	508
563	524
563	580
563	583
563	607
563	630
563	655
563	705
563	745
563	751
563	770
564	23
564	27
564	72
564	90
564	191
564	327
564	528
564	542
564	596
564	666
564	709
564	710
564	714
564	717
564	726
564	797
564	798
565	111
565	128
565	144
565	192
565	290
565	344
565	362
565	374
565	446
565	544
565	573
565	596
565	652
565	655
565	741
565	750
565	761
566	20
566	298
566	355
566	373
566	385
566	521
566	588
566	604
566	626
566	649
566	691
566	706
566	715
566	728
566	735
566	776
566	799
567	18
567	209
567	318
567	399
567	400
567	445
567	510
567	553
567	580
567	603
567	647
567	700
567	732
567	749
567	767
567	782
567	796
568	86
568	292
568	298
568	352
568	368
568	427
568	433
568	455
568	459
568	558
568	676
568	693
568	718
568	724
568	750
568	768
568	781
569	201
569	421
569	434
569	549
569	561
569	596
569	601
569	620
569	625
569	709
569	720
569	731
569	747
569	764
569	769
569	780
569	798
570	5
570	45
570	97
570	239
570	257
570	436
570	482
570	523
570	578
570	638
570	658
570	660
570	717
570	729
570	757
570	776
570	797
571	15
571	55
571	102
571	163
571	275
571	313
571	328
571	383
571	476
571	491
571	507
571	512
571	602
571	673
571	763
571	768
571	775
572	47
572	67
572	96
572	136
572	208
572	258
572	281
572	336
572	401
572	458
572	551
572	612
572	613
572	662
572	680
572	743
572	758
573	258
573	345
573	388
573	412
573	483
573	538
573	544
573	565
573	587
573	598
573	607
573	655
573	691
573	746
573	759
573	764
573	796
574	122
574	130
574	196
574	213
574	240
574	265
574	419
574	424
574	451
574	519
574	581
574	696
574	699
574	737
574	738
574	771
574	791
575	12
575	16
575	55
575	266
575	276
575	406
575	458
575	535
575	581
575	585
575	614
575	644
575	702
575	725
575	742
575	751
575	789
576	41
576	43
576	157
576	162
576	181
576	323
576	347
576	355
576	363
576	681
576	685
576	694
576	701
576	711
576	712
576	766
576	788
577	124
577	138
577	248
577	469
577	488
577	584
577	587
577	602
577	675
577	686
577	687
577	747
577	753
577	759
577	765
577	771
577	787
578	143
578	233
578	399
578	474
578	481
578	486
578	501
578	507
578	545
578	553
578	570
578	674
578	694
578	732
578	752
578	757
578	793
579	40
579	185
579	254
579	395
579	404
579	521
579	591
579	635
579	641
579	644
579	659
579	688
579	689
579	692
579	759
579	779
579	791
580	22
580	271
580	295
580	431
580	543
580	563
580	567
580	582
580	643
580	650
580	665
580	677
580	692
580	706
580	739
580	770
580	782
581	275
581	346
581	462
581	480
581	520
581	527
581	538
581	560
581	574
581	575
581	670
581	694
581	698
581	711
581	763
581	765
581	775
581	786
582	156
582	191
582	207
582	263
582	362
582	379
582	545
582	580
582	662
582	663
582	691
582	701
582	704
582	746
582	754
582	761
582	767
582	769
583	2
583	58
583	325
583	393
583	405
583	454
583	505
583	563
583	586
583	625
583	684
583	706
583	713
583	720
583	734
583	759
583	766
583	780
584	1
584	3
584	26
584	347
584	387
584	399
584	449
584	515
584	552
584	555
584	577
584	626
584	634
584	687
584	740
584	753
584	770
584	787
585	40
585	197
585	278
585	287
585	382
585	395
585	402
585	412
585	418
585	473
585	518
585	527
585	575
585	622
585	714
585	742
585	776
585	784
586	8
586	66
586	120
586	224
586	286
586	324
586	458
586	530
586	583
586	668
586	689
586	714
586	716
586	725
586	734
586	766
586	778
586	795
587	111
587	155
587	335
587	338
587	426
587	461
587	548
587	573
587	577
587	597
587	623
587	647
587	732
587	734
587	749
587	752
587	788
587	793
588	126
588	306
588	385
588	433
588	440
588	489
588	566
588	590
588	606
588	637
588	639
588	668
588	724
588	740
588	764
588	768
588	777
588	797
589	174
589	184
589	224
589	232
589	320
589	508
589	633
589	661
589	682
589	710
589	720
589	726
589	735
589	743
589	747
589	767
589	768
589	777
590	118
590	168
590	361
590	378
590	469
590	537
590	539
590	588
590	613
590	614
590	649
590	650
590	673
590	712
590	719
590	747
590	777
590	781
591	136
591	150
591	178
591	291
591	338
591	341
591	351
591	397
591	412
591	529
591	549
591	579
591	628
591	704
591	722
591	736
591	766
591	775
592	10
592	101
592	127
592	172
592	226
592	282
592	337
592	386
592	420
592	471
592	505
592	525
592	635
592	643
592	651
592	668
592	723
592	750
593	79
593	140
593	147
593	216
593	230
593	282
593	287
593	292
593	296
593	469
593	623
593	624
593	673
593	683
593	741
593	782
593	784
593	799
594	181
594	232
594	255
594	318
594	335
594	433
594	440
594	622
594	631
594	644
594	665
594	674
594	682
594	706
594	740
594	777
594	783
594	794
595	191
595	208
595	281
595	400
595	612
595	627
595	656
595	666
595	679
595	716
595	724
595	741
595	743
595	775
595	776
595	781
595	786
595	791
596	8
596	54
596	327
596	346
596	403
596	473
596	564
596	565
596	569
596	664
596	667
596	683
596	710
596	726
596	731
596	745
596	764
596	798
597	40
597	64
597	142
597	177
597	209
597	349
597	463
597	587
597	700
597	708
597	737
597	749
597	752
597	759
597	764
597	782
597	793
597	798
598	34
598	264
598	459
598	478
598	498
598	559
598	573
598	614
598	652
598	663
598	735
598	744
598	766
598	767
598	769
598	775
598	782
598	783
599	42
599	55
599	69
599	148
599	229
599	271
599	374
599	435
599	436
599	442
599	616
599	645
599	685
599	708
599	747
599	769
599	789
599	798
600	38
600	158
600	177
600	291
600	440
600	465
600	485
600	492
600	547
600	621
600	630
600	659
600	682
600	697
600	740
600	742
600	755
600	756
601	17
601	58
601	229
601	261
601	384
601	412
601	463
601	533
601	569
601	627
601	648
601	667
601	685
601	698
601	729
601	766
601	775
601	792
602	19
602	31
602	115
602	146
602	155
602	328
602	380
602	464
602	571
602	577
602	617
602	637
602	662
602	666
602	686
602	721
602	760
602	793
602	800
603	113
603	117
603	315
603	420
603	483
603	567
603	616
603	626
603	651
603	668
603	682
603	703
603	704
603	750
603	773
603	789
603	795
603	797
603	799
604	49
604	56
604	65
604	115
604	150
604	170
604	186
604	194
604	329
604	481
604	497
604	504
604	505
604	566
604	682
604	742
604	756
604	775
604	782
605	36
605	175
605	181
605	294
605	309
605	334
605	372
605	606
605	617
605	618
605	681
605	683
605	713
605	716
605	751
605	780
605	786
605	790
605	799
606	133
606	160
606	181
606	183
606	283
606	561
606	588
606	605
606	635
606	640
606	654
606	662
606	673
606	739
606	741
606	745
606	751
606	752
606	790
607	99
607	250
607	302
607	333
607	445
607	470
607	483
607	507
607	563
607	573
607	613
607	624
607	660
607	663
607	683
607	708
607	713
607	751
607	765
608	68
608	420
608	486
608	613
608	619
608	623
608	639
608	660
608	667
608	696
608	719
608	744
608	751
608	761
608	772
608	774
608	778
608	787
608	790
609	36
609	77
609	151
609	169
609	211
609	328
609	376
609	391
609	540
609	544
609	623
609	652
609	711
609	729
609	738
609	763
609	768
609	784
609	785
610	139
610	282
610	335
610	371
610	427
610	454
610	484
610	502
610	509
610	625
610	649
610	680
610	688
610	702
610	703
610	740
610	781
610	786
610	787
611	17
611	18
611	29
611	151
611	471
611	501
611	518
611	631
611	651
611	664
611	668
611	693
611	697
611	724
611	743
611	747
611	773
611	777
611	794
612	5
612	58
612	96
612	195
612	196
612	308
612	414
612	451
612	484
612	514
612	516
612	532
612	572
612	595
612	669
612	697
612	737
612	754
612	776
613	229
613	319
613	344
613	390
613	394
613	408
613	490
613	552
613	558
613	572
613	590
613	607
613	608
613	645
613	667
613	686
613	761
613	772
613	774
614	203
614	332
614	353
614	446
614	458
614	486
614	494
614	508
614	575
614	590
614	598
614	630
614	634
614	688
614	690
614	695
614	696
614	720
614	762
614	771
615	7
615	100
615	144
615	171
615	175
615	197
615	206
615	460
615	472
615	477
615	483
615	529
615	634
615	710
615	727
615	729
615	752
615	756
615	780
615	790
616	119
616	165
616	253
616	274
616	337
616	348
616	432
616	455
616	599
616	603
616	618
616	626
616	631
616	655
616	682
616	704
616	705
616	750
616	773
616	774
617	81
617	113
617	210
617	380
617	398
617	467
617	490
617	507
617	533
617	602
617	605
617	624
617	679
617	683
617	721
617	751
617	756
617	764
617	773
617	796
618	39
618	48
618	116
618	137
618	236
618	253
618	408
618	503
618	605
618	616
618	621
618	629
618	651
618	656
618	667
618	670
618	688
618	689
618	694
618	764
619	69
619	70
619	247
619	260
619	373
619	452
619	472
619	508
619	519
619	524
619	608
619	654
619	663
619	669
619	671
619	703
619	775
619	779
619	786
619	789
620	34
620	88
620	212
620	425
620	441
620	497
620	552
620	569
620	624
620	655
620	710
620	726
620	727
620	731
620	743
620	746
620	755
620	772
620	795
620	798
621	233
621	244
621	266
621	281
621	297
621	366
621	449
621	454
621	455
621	524
621	559
621	600
621	618
621	623
621	656
621	684
621	699
621	716
621	741
621	797
622	63
622	220
622	240
622	269
622	301
622	319
622	485
622	539
622	585
622	594
622	637
622	672
622	694
622	715
622	721
622	735
622	736
622	747
622	769
622	781
623	102
623	328
623	445
623	510
623	540
623	587
623	593
623	608
623	609
623	621
623	639
623	663
623	667
623	695
623	698
623	711
623	729
623	764
623	775
623	794
624	63
624	124
624	159
624	287
624	295
624	315
624	331
624	413
624	433
624	593
624	607
624	617
624	620
624	648
624	684
624	735
624	771
624	784
624	790
624	792
625	70
625	108
625	178
625	354
625	371
625	393
625	410
625	444
625	445
625	528
625	569
625	583
625	610
625	634
625	671
625	714
625	727
625	764
625	773
625	786
626	10
626	77
626	174
626	197
626	279
626	420
626	424
626	511
626	514
626	566
626	584
626	603
626	616
626	664
626	702
626	704
626	707
626	734
626	758
626	773
627	83
627	97
627	148
627	266
627	375
627	453
627	458
627	483
627	508
627	595
627	601
627	632
627	650
627	676
627	679
627	685
627	721
627	731
627	760
627	783
628	305
628	325
628	405
628	430
628	438
628	509
628	591
628	666
628	672
628	679
628	704
628	705
628	708
628	725
628	762
628	784
628	785
628	792
628	793
628	796
629	2
629	37
629	89
629	143
629	204
629	293
629	452
629	456
629	546
629	618
629	631
629	670
629	684
629	694
629	714
629	743
629	758
629	766
629	787
629	788
630	49
630	111
630	151
630	251
630	316
630	390
630	392
630	440
630	481
630	497
630	523
630	563
630	600
630	614
630	636
630	647
630	707
630	728
630	745
630	763
630	787
631	181
631	247
631	279
631	494
631	594
631	611
631	616
631	629
631	664
631	665
631	668
631	700
631	704
631	722
631	734
631	750
631	755
631	773
631	776
631	787
631	795
632	179
632	200
632	218
632	309
632	339
632	378
632	413
632	493
632	494
632	627
632	690
632	702
632	729
632	733
632	744
632	745
632	754
632	761
632	780
632	783
632	794
633	231
633	297
633	357
633	456
633	475
633	500
633	503
633	535
633	589
633	635
633	647
633	656
633	658
633	666
633	667
633	672
633	682
633	706
633	714
633	717
633	774
634	213
634	223
634	264
634	359
634	453
634	465
634	478
634	543
634	584
634	614
634	615
634	625
634	686
634	690
634	709
634	720
634	754
634	764
634	765
634	794
634	798
635	138
635	199
635	262
635	282
635	332
635	385
635	416
635	451
635	528
635	579
635	592
635	606
635	633
635	636
635	649
635	655
635	661
635	699
635	749
635	758
635	791
636	125
636	283
636	307
636	309
636	314
636	462
636	486
636	515
636	630
636	635
636	670
636	689
636	696
636	728
636	731
636	739
636	740
636	753
636	756
636	788
636	790
637	70
637	86
637	305
637	426
637	440
637	555
637	588
637	602
637	622
637	651
637	670
637	689
637	693
637	706
637	724
637	748
637	764
637	777
637	788
637	789
637	797
638	185
638	271
638	316
638	482
638	491
638	492
638	501
638	547
638	561
638	570
638	652
638	681
638	697
638	700
638	717
638	757
638	759
638	768
638	776
638	786
638	796
639	49
639	116
639	209
639	286
639	345
639	381
639	392
639	506
639	551
639	588
639	608
639	623
639	692
639	718
639	719
639	742
639	752
639	763
639	772
639	774
639	778
640	12
640	95
640	277
640	299
640	318
640	346
640	391
640	409
640	471
640	484
640	499
640	522
640	554
640	606
640	665
640	680
640	706
640	727
640	738
640	739
640	771
641	6
641	16
641	38
641	74
641	82
641	138
641	221
641	243
641	254
641	306
641	369
641	381
641	415
641	464
641	482
641	579
641	677
641	709
641	734
641	780
641	787
642	65
642	165
642	236
642	345
642	394
642	400
642	522
642	530
642	559
642	678
642	688
642	707
642	713
642	715
642	744
642	745
642	756
642	788
642	790
642	795
642	797
643	37
643	88
643	112
643	211
643	286
643	358
643	419
643	510
643	547
643	550
643	561
643	580
643	592
643	652
643	669
643	684
643	717
643	757
643	769
643	776
643	778
644	110
644	166
644	204
644	319
644	361
644	401
644	411
644	528
644	532
644	575
644	579
644	594
644	645
644	646
644	675
644	744
644	747
644	768
644	769
644	777
644	783
645	119
645	129
645	299
645	357
645	481
645	557
645	599
645	613
645	644
645	693
645	706
645	715
645	724
645	733
645	735
645	744
645	747
645	777
645	781
645	786
645	789
646	129
646	154
646	207
646	241
646	337
646	386
646	435
646	440
646	468
646	472
646	477
646	491
646	644
646	682
646	696
646	701
646	745
646	748
646	773
646	776
646	779
646	793
647	55
647	92
647	113
647	198
647	247
647	296
647	349
647	430
647	451
647	553
647	567
647	587
647	630
647	633
647	659
647	708
647	712
647	732
647	749
647	752
647	793
647	800
648	98
648	117
648	167
648	168
648	176
648	222
648	242
648	306
648	322
648	379
648	535
648	556
648	601
648	624
648	660
648	679
648	700
648	771
648	773
648	784
648	789
648	796
649	2
649	52
649	104
649	121
649	185
649	209
649	288
649	290
649	395
649	403
649	499
649	536
649	566
649	590
649	610
649	635
649	715
649	718
649	719
649	753
649	778
649	791
650	97
650	106
650	138
650	165
650	172
650	275
650	350
650	429
650	460
650	479
650	511
650	580
650	590
650	627
650	657
650	679
650	725
650	777
650	785
650	786
650	792
650	796
651	29
651	166
651	169
651	333
651	338
651	361
651	420
651	509
651	521
651	592
651	603
651	611
651	618
651	637
651	661
651	701
651	723
651	750
651	763
651	773
651	785
651	794
652	6
652	17
652	41
652	53
652	186
652	262
652	316
652	379
652	430
652	482
652	523
652	529
652	552
652	565
652	598
652	609
652	638
652	643
652	720
652	757
652	767
652	776
653	1
653	107
653	231
653	272
653	290
653	362
653	375
653	444
653	483
653	484
653	536
653	538
653	545
653	655
653	679
653	687
653	691
653	704
653	726
653	739
653	746
653	753
654	9
654	321
654	388
654	390
654	448
654	459
654	480
654	490
654	497
654	512
654	536
654	542
654	606
654	619
654	660
654	669
654	685
654	707
654	767
654	788
654	792
654	795
654	797
655	72
655	192
655	263
655	292
655	344
655	533
655	544
655	563
655	565
655	573
655	616
655	620
655	635
655	653
655	691
655	730
655	740
655	746
655	759
655	769
655	774
655	787
655	797
656	37
656	107
656	185
656	427
656	445
656	555
656	595
656	618
656	621
656	633
656	664
656	670
656	673
656	694
656	704
656	716
656	721
656	733
656	743
656	756
656	757
656	785
656	800
657	13
657	43
657	91
657	140
657	173
657	296
657	314
657	325
657	387
657	417
657	487
657	548
657	650
657	670
657	681
657	695
657	713
657	734
657	738
657	745
657	788
657	791
657	799
658	33
658	97
658	118
658	267
658	411
658	412
658	437
658	457
658	486
658	512
658	570
658	633
658	673
658	676
658	678
658	705
658	724
658	725
658	731
658	762
658	786
658	792
658	796
659	57
659	103
659	117
659	131
659	168
659	227
659	395
659	421
659	448
659	483
659	579
659	600
659	647
659	660
659	661
659	683
659	699
659	728
659	758
659	763
659	767
659	778
659	799
660	35
660	256
660	262
660	358
660	385
660	403
660	552
660	555
660	570
660	607
660	608
660	648
660	654
660	659
660	662
660	699
660	710
660	715
660	725
660	748
660	752
660	758
660	791
661	67
661	96
661	150
661	205
661	341
661	397
661	401
661	441
661	529
661	589
661	635
661	651
661	659
661	674
661	684
661	709
661	713
661	725
661	736
661	753
661	766
661	794
661	796
662	233
662	256
662	423
662	446
662	550
662	572
662	582
662	602
662	606
662	660
662	675
662	677
662	681
662	697
662	701
662	721
662	725
662	738
662	760
662	779
662	793
662	798
662	800
663	32
663	122
663	137
663	217
663	262
663	442
663	459
663	476
663	493
663	498
663	513
663	548
663	582
663	598
663	607
663	619
663	623
663	721
663	745
663	767
663	769
663	782
663	797
664	7
664	107
664	133
664	223
664	404
664	543
664	596
664	611
664	626
664	631
664	656
664	668
664	683
664	697
664	704
664	707
664	723
664	750
664	755
664	756
664	773
664	778
664	794
665	3
665	222
665	307
665	325
665	391
665	487
665	525
665	580
665	594
665	631
665	640
665	677
665	683
665	684
665	692
665	706
665	727
665	736
665	739
665	757
665	771
665	778
665	782
665	792
666	39
666	221
666	227
666	274
666	297
666	401
666	447
666	456
666	552
666	564
666	595
666	602
666	628
666	633
666	672
666	678
666	694
666	712
666	716
666	725
666	730
666	738
666	741
666	748
667	59
667	187
667	224
667	340
667	342
667	449
667	490
667	596
667	601
667	608
667	613
667	618
667	623
667	633
667	718
667	736
667	740
667	747
667	770
667	772
667	774
667	779
667	795
667	798
668	10
668	263
668	398
668	474
668	494
668	586
668	588
668	592
668	603
668	611
668	631
668	664
668	689
668	699
668	703
668	722
668	723
668	731
668	761
668	773
668	775
668	779
668	795
668	798
669	26
669	48
669	184
669	185
669	226
669	236
669	344
669	359
669	432
669	488
669	489
669	537
669	555
669	562
669	612
669	619
669	643
669	654
669	693
669	729
669	747
669	758
669	777
669	786
670	30
670	106
670	162
670	202
670	250
670	364
670	392
670	441
670	449
670	500
670	516
670	545
670	581
670	618
670	629
670	636
670	637
670	656
670	657
670	706
670	714
670	716
670	751
670	770
671	24
671	29
671	137
671	141
671	177
671	273
671	279
671	321
671	355
671	389
671	393
671	410
671	438
671	452
671	490
671	619
671	625
671	702
671	703
671	714
671	742
671	774
671	786
671	792
672	93
672	134
672	219
672	278
672	285
672	331
672	411
672	429
672	441
672	498
672	500
672	518
672	542
672	562
672	622
672	628
672	633
672	666
672	680
672	693
672	694
672	711
672	741
672	743
673	43
673	173
673	180
673	231
673	253
673	318
673	372
673	374
673	398
673	502
673	507
673	517
673	553
673	571
673	590
673	593
673	606
673	656
673	658
673	684
673	726
673	778
673	790
673	799
674	57
674	186
674	239
674	285
674	290
674	317
674	325
674	336
674	342
674	358
674	408
674	454
674	456
674	484
674	523
674	549
674	561
674	578
674	594
674	661
674	704
674	763
674	776
674	782
674	789
675	9
675	170
675	177
675	360
675	367
675	371
675	416
675	423
675	425
675	439
675	501
675	518
675	530
675	553
675	577
675	644
675	662
675	677
675	697
675	721
675	736
675	760
675	770
675	779
675	800
676	188
676	307
676	326
676	414
676	448
676	464
676	480
676	488
676	512
676	551
676	568
676	627
676	658
676	682
676	689
676	701
676	737
676	740
676	745
676	756
676	758
676	760
676	777
676	778
676	783
677	27
677	94
677	126
677	143
677	278
677	310
677	370
677	395
677	409
677	420
677	439
677	490
677	534
677	580
677	641
677	662
677	665
677	675
677	692
677	761
677	770
677	771
677	775
677	782
677	797
678	32
678	67
678	388
678	394
678	406
678	442
678	450
678	554
678	642
678	658
678	666
678	681
678	688
678	691
678	697
678	707
678	709
678	734
678	737
678	744
678	748
678	769
678	788
678	795
678	797
679	16
679	84
679	149
679	216
679	266
679	396
679	440
679	447
679	463
679	468
679	515
679	535
679	595
679	617
679	627
679	628
679	648
679	650
679	653
679	685
679	768
679	777
679	782
679	784
679	785
680	9
680	78
680	213
680	258
680	269
680	288
680	304
680	362
680	365
680	466
680	487
680	496
680	572
680	610
680	640
680	672
680	688
680	695
680	722
680	729
680	749
680	764
680	792
680	794
680	797
681	13
681	34
681	305
681	329
681	348
681	366
681	422
681	452
681	576
681	605
681	638
681	657
681	662
681	678
681	701
681	711
681	712
681	715
681	718
681	733
681	738
681	759
681	766
681	767
681	782
682	30
682	87
682	135
682	149
682	241
682	252
682	257
682	386
682	478
682	534
682	538
682	589
682	594
682	600
682	603
682	604
682	616
682	633
682	646
682	676
682	696
682	724
682	738
682	742
682	780
683	65
683	140
683	141
683	157
683	193
683	265
683	284
683	295
683	434
683	442
683	472
683	497
683	545
683	593
683	596
683	605
683	607
683	617
683	659
683	664
683	665
683	684
683	694
683	716
683	751
683	797
684	220
684	287
684	368
684	380
684	407
684	434
684	442
684	469
684	470
684	485
684	502
684	513
684	583
684	621
684	624
684	629
684	643
684	661
684	665
684	673
684	683
684	708
684	717
684	744
684	773
684	783
685	25
685	222
685	244
685	364
685	422
685	438
685	444
685	453
685	458
685	557
685	558
685	576
685	599
685	601
685	627
685	654
685	679
685	694
685	712
685	774
685	779
685	783
685	784
685	789
685	792
685	798
686	23
686	92
686	176
686	219
686	240
686	259
686	363
686	392
686	433
686	445
686	515
686	556
686	577
686	602
686	613
686	634
686	687
686	745
686	753
686	765
686	782
686	784
686	785
686	794
686	796
686	798
687	23
687	96
687	156
687	160
687	180
687	202
687	212
687	227
687	240
687	248
687	327
687	363
687	377
687	445
687	478
687	532
687	577
687	584
687	653
687	686
687	748
687	749
687	765
687	781
687	787
687	799
688	26
688	125
688	155
688	328
688	373
688	463
688	494
688	510
688	517
688	579
688	610
688	614
688	618
688	642
688	678
688	680
688	690
688	695
688	705
688	720
688	729
688	733
688	735
688	749
688	754
688	777
689	49
689	174
689	189
689	241
689	252
689	307
689	354
689	435
689	453
689	491
689	497
689	542
689	579
689	586
689	618
689	636
689	637
689	668
689	676
689	698
689	699
689	733
689	742
689	776
689	783
689	786
690	25
690	49
690	121
690	144
690	278
690	306
690	350
690	361
690	417
690	421
690	457
690	471
690	556
690	614
690	632
690	634
690	688
690	695
690	721
690	722
690	724
690	737
690	764
690	783
690	788
690	794
691	158
691	263
691	290
691	297
691	347
691	383
691	397
691	483
691	538
691	544
691	545
691	566
691	573
691	582
691	653
691	655
691	678
691	708
691	719
691	740
691	746
691	753
691	772
691	776
691	791
691	798
692	131
692	200
692	260
692	281
692	347
692	355
692	367
692	376
692	425
692	457
692	471
692	522
692	525
692	531
692	579
692	580
692	639
692	665
692	677
692	715
692	727
692	730
692	755
692	758
692	771
692	782
692	793
693	28
693	88
693	89
693	96
693	131
693	141
693	151
693	189
693	335
693	407
693	421
693	508
693	528
693	555
693	568
693	611
693	637
693	645
693	669
693	672
693	708
693	721
693	727
693	745
693	767
693	777
693	781
694	71
694	73
694	116
694	264
694	269
694	278
694	284
694	298
694	349
694	351
694	352
694	428
694	530
694	576
694	578
694	581
694	618
694	622
694	629
694	656
694	666
694	672
694	683
694	685
694	698
694	707
694	747
695	178
695	301
695	304
695	426
695	457
695	467
695	475
695	500
695	543
695	555
695	614
695	623
695	657
695	680
695	688
695	690
695	700
695	729
695	734
695	759
695	770
695	773
695	776
695	779
695	790
695	794
695	797
696	114
696	128
696	178
696	199
696	298
696	354
696	431
696	453
696	472
696	505
696	531
696	541
696	542
696	558
696	574
696	608
696	614
696	636
696	646
696	682
696	719
696	739
696	740
696	742
696	745
696	748
696	798
697	56
697	75
697	136
697	177
697	348
697	414
697	416
697	428
697	464
697	477
697	479
697	537
697	542
697	600
697	611
697	612
697	638
697	662
697	664
697	675
697	678
697	711
697	738
697	764
697	765
697	793
697	800
698	8
698	65
698	119
698	134
698	158
698	172
698	186
698	259
698	290
698	302
698	311
698	323
698	391
698	447
698	509
698	512
698	527
698	534
698	581
698	601
698	623
698	689
698	694
698	711
698	768
698	775
698	789
699	46
699	62
699	110
699	164
699	171
699	303
699	351
699	379
699	386
699	418
699	479
699	481
699	511
699	521
699	525
699	552
699	574
699	621
699	635
699	659
699	660
699	668
699	689
699	706
699	715
699	767
699	799
700	67
700	111
700	248
700	301
700	321
700	377
700	399
700	410
700	426
700	467
700	520
700	539
700	567
700	597
700	631
700	638
700	648
700	695
700	722
700	731
700	732
700	749
700	752
700	763
700	771
700	783
700	793
700	799
701	39
701	83
701	84
701	175
701	303
701	353
701	355
701	366
701	446
701	464
701	525
701	560
701	576
701	582
701	646
701	651
701	662
701	676
701	681
701	712
701	713
701	727
701	734
701	753
701	759
701	766
701	777
701	798
702	13
702	123
702	141
702	269
702	288
702	373
702	375
702	427
702	428
702	447
702	452
702	455
702	492
702	494
702	499
702	509
702	520
702	540
702	575
702	610
702	626
702	632
702	671
702	746
702	767
702	786
702	791
702	796
703	51
703	105
703	161
703	186
703	371
703	393
703	410
703	412
703	444
703	449
703	458
703	472
703	509
703	533
703	560
703	603
703	610
703	619
703	668
703	671
703	732
703	735
703	740
703	746
703	749
703	751
703	763
703	786
704	18
704	29
704	42
704	188
704	387
704	422
704	474
704	492
704	523
704	547
704	582
704	591
704	603
704	616
704	626
704	628
704	631
704	653
704	656
704	664
704	674
704	716
704	725
704	741
704	761
704	777
704	780
704	789
705	102
705	109
705	110
705	248
705	267
705	304
705	312
705	397
705	511
705	524
705	536
705	544
705	545
705	560
705	563
705	616
705	628
705	658
705	688
705	708
705	723
705	725
705	741
705	765
705	785
705	792
705	793
705	796
706	5
706	59
706	189
706	192
706	204
706	494
706	530
706	551
706	555
706	566
706	580
706	583
706	594
706	633
706	637
706	640
706	645
706	665
706	670
706	699
706	735
706	747
706	764
706	777
706	781
706	790
706	795
706	797
707	66
707	173
707	188
707	191
707	328
707	340
707	343
707	370
707	504
707	516
707	531
707	532
707	542
707	626
707	630
707	642
707	654
707	664
707	678
707	694
707	736
707	744
707	748
707	784
707	788
707	790
707	795
707	797
708	82
708	102
708	108
708	187
708	194
708	289
708	312
708	363
708	506
708	511
708	524
708	597
708	599
708	607
708	628
708	647
708	684
708	691
708	693
708	705
708	741
708	762
708	772
708	777
708	785
708	792
708	796
708	799
709	34
709	68
709	90
709	184
709	191
709	201
709	253
709	326
709	338
709	490
709	523
709	549
709	564
709	569
709	634
709	641
709	661
709	678
709	726
709	729
709	731
709	739
709	745
709	776
709	781
709	790
709	798
709	800
710	12
710	82
710	120
710	125
710	145
710	156
710	184
710	247
710	293
710	311
710	338
710	497
710	527
710	540
710	549
710	564
710	589
710	596
710	615
710	620
710	660
710	731
710	753
710	772
710	784
710	792
710	794
710	798
711	4
711	175
711	184
711	210
711	251
711	273
711	302
711	323
711	324
711	476
711	500
711	512
711	520
711	560
711	576
711	581
711	609
711	623
711	672
711	681
711	697
711	698
711	720
711	755
711	763
711	774
711	777
711	785
712	87
712	185
712	209
712	292
712	301
712	305
712	315
712	316
712	324
712	341
712	475
712	478
712	530
712	576
712	590
712	647
712	666
712	681
712	685
712	701
712	713
712	734
712	735
712	763
712	766
712	771
712	776
712	796
713	91
713	117
713	140
713	245
713	286
713	305
713	325
713	355
713	447
713	583
713	605
713	607
713	642
713	657
713	661
713	701
713	712
713	715
713	721
713	723
713	754
713	761
713	765
713	766
713	768
713	770
713	776
713	784
714	2
714	35
714	41
714	114
714	124
714	213
714	271
714	284
714	379
714	392
714	400
714	408
714	447
714	495
714	517
714	546
714	560
714	564
714	585
714	586
714	625
714	629
714	633
714	670
714	671
714	717
714	726
714	759
714	781
715	51
715	93
715	161
715	169
715	246
715	303
715	326
715	331
715	404
715	406
715	425
715	465
715	473
715	474
715	566
715	622
715	642
715	645
715	649
715	660
715	681
715	692
715	699
715	713
715	758
715	787
715	791
715	798
715	799
716	48
716	103
716	142
716	264
716	351
716	352
716	354
716	374
716	441
716	462
716	466
716	495
716	500
716	532
716	534
716	544
716	586
716	595
716	605
716	621
716	656
716	666
716	670
716	683
716	704
716	756
716	779
716	788
716	800
717	71
717	112
717	168
717	238
717	317
717	320
717	342
717	356
717	432
717	433
717	454
717	475
717	497
717	549
717	550
717	561
717	564
717	570
717	633
717	638
717	643
717	684
717	714
717	732
717	734
717	754
717	757
717	776
717	795
718	13
718	245
718	300
718	320
718	345
718	359
718	386
718	413
718	418
718	435
718	444
718	449
718	526
718	527
718	538
718	568
718	639
718	649
718	667
718	681
718	719
718	735
718	760
718	761
718	764
718	772
718	774
718	778
718	790
719	38
719	59
719	76
719	94
719	119
719	216
719	378
719	382
719	396
719	481
719	490
719	534
719	558
719	590
719	608
719	639
719	649
719	691
719	696
719	718
719	730
719	743
719	749
719	761
719	772
719	774
719	778
719	779
719	792
720	225
720	249
720	258
720	271
720	350
720	360
720	408
720	508
720	528
720	539
720	556
720	559
720	569
720	583
720	589
720	614
720	634
720	652
720	688
720	711
720	733
720	747
720	754
720	762
720	764
720	768
720	784
720	794
720	800
721	3
721	54
721	207
721	228
721	240
721	276
721	307
721	398
721	416
721	433
721	443
721	464
721	485
721	518
721	526
721	550
721	602
721	617
721	622
721	627
721	656
721	662
721	663
721	675
721	690
721	693
721	713
721	738
721	760
721	800
722	27
722	76
722	77
722	130
722	324
722	346
722	423
722	457
722	466
722	504
722	508
722	543
722	591
722	631
722	668
722	680
722	690
722	700
722	727
722	729
722	731
722	733
722	751
722	758
722	760
722	764
722	772
722	786
722	793
722	794
723	18
723	42
723	44
723	45
723	137
723	154
723	174
723	229
723	238
723	364
723	398
723	474
723	504
723	517
723	520
723	592
723	651
723	664
723	668
723	705
723	713
723	750
723	767
723	773
723	778
723	779
723	782
723	783
723	791
723	796
724	26
724	189
724	257
724	310
724	353
724	429
724	456
724	489
724	528
724	539
724	543
724	568
724	588
724	595
724	611
724	637
724	645
724	658
724	682
724	690
724	735
724	742
724	747
724	754
724	760
724	766
724	768
724	771
724	775
724	781
725	11
725	63
725	86
725	109
725	114
725	117
725	139
725	405
725	417
725	492
725	517
725	575
725	586
725	628
725	650
725	658
725	660
725	661
725	662
725	666
725	704
725	705
725	736
725	758
725	762
725	774
725	777
725	785
725	792
725	796
726	50
726	218
726	226
726	233
726	252
726	272
726	310
726	334
726	384
726	487
726	497
726	549
726	551
726	562
726	564
726	589
726	596
726	620
726	653
726	673
726	709
726	714
726	731
726	740
726	743
726	746
726	755
726	782
726	787
726	798
727	115
727	242
727	243
727	245
727	286
727	387
727	414
727	416
727	426
727	429
727	431
727	439
727	522
727	615
727	620
727	625
727	640
727	665
727	692
727	693
727	701
727	722
727	739
727	745
727	760
727	769
727	770
727	771
727	782
727	800
728	30
728	45
728	217
728	223
728	268
728	284
728	307
728	321
728	326
728	390
728	435
728	440
728	449
728	485
728	505
728	521
728	546
728	566
728	630
728	636
728	659
728	733
728	737
728	740
728	756
728	766
728	768
728	788
728	795
728	796
729	32
729	56
729	78
729	159
729	223
729	234
729	294
729	304
729	324
729	337
729	366
729	448
729	467
729	514
729	517
729	544
729	556
729	570
729	601
729	609
729	615
729	623
729	632
729	669
729	680
729	688
729	695
729	709
729	722
729	735
729	799
730	71
730	79
730	131
730	148
730	180
730	202
730	203
730	255
730	268
730	346
730	364
730	402
730	417
730	430
730	459
730	470
730	541
730	548
730	558
730	655
730	666
730	692
730	719
730	732
730	740
730	749
730	767
730	769
730	779
730	783
730	799
731	14
731	24
731	34
731	52
731	72
731	137
731	148
731	263
731	283
731	339
731	372
731	384
731	438
731	480
731	527
731	569
731	596
731	620
731	627
731	636
731	658
731	668
731	700
731	709
731	710
731	722
731	726
731	746
731	752
731	755
731	776
732	46
732	57
732	79
732	92
732	117
732	155
732	215
732	293
732	306
732	340
732	426
732	436
732	450
732	486
732	506
732	507
732	524
732	553
732	567
732	578
732	587
732	647
732	700
732	703
732	717
732	730
732	749
732	755
732	758
732	793
732	794
733	122
733	142
733	166
733	200
733	268
733	287
733	294
733	304
733	369
733	376
733	381
733	394
733	455
733	457
733	467
733	471
733	534
733	556
733	632
733	645
733	656
733	681
733	688
733	689
733	720
733	722
733	728
733	750
733	753
733	754
733	773
733	794
734	20
734	37
734	87
734	157
734	246
734	270
734	324
734	325
734	330
734	408
734	468
734	483
734	484
734	489
734	520
734	545
734	583
734	586
734	587
734	626
734	631
734	641
734	657
734	678
734	695
734	701
734	712
734	717
734	744
734	747
734	748
734	797
735	21
735	40
735	89
735	204
735	216
735	220
735	272
735	278
735	311
735	315
735	319
735	322
735	347
735	361
735	455
735	553
735	566
735	589
735	598
735	622
735	624
735	645
735	688
735	703
735	706
735	712
735	718
735	724
735	729
735	777
735	781
735	788
736	7
736	44
736	47
736	67
736	120
736	136
736	190
736	214
736	229
736	235
736	251
736	291
736	297
736	336
736	397
736	468
736	502
736	529
736	591
736	622
736	661
736	665
736	667
736	675
736	707
736	725
736	741
736	759
736	775
736	781
736	782
736	785
737	25
737	26
737	104
737	145
737	156
737	166
737	287
737	340
737	357
737	419
737	457
737	480
737	484
737	487
737	496
737	519
737	526
737	527
737	529
737	534
737	574
737	597
737	612
737	676
737	678
737	690
737	728
737	738
737	739
737	741
737	775
737	791
738	121
738	177
738	205
738	219
738	227
738	235
738	369
738	375
738	406
738	452
738	464
738	475
738	516
738	550
738	562
738	574
738	609
738	640
738	657
738	662
738	666
738	681
738	682
738	697
738	721
738	737
738	743
738	760
738	779
738	787
738	791
738	800
739	60
739	115
739	143
739	192
739	242
739	277
739	279
739	367
739	392
739	395
739	404
739	431
739	471
739	482
739	580
739	606
739	636
739	640
739	653
739	665
739	696
739	709
739	727
739	737
739	746
739	751
739	758
739	770
739	771
739	778
739	782
739	795
739	798
740	11
740	98
740	152
740	178
740	252
740	389
740	390
740	396
740	435
740	473
740	491
740	512
740	549
740	551
740	584
740	588
740	594
740	600
740	610
740	636
740	655
740	667
740	676
740	691
740	696
740	703
740	726
740	728
740	730
740	748
740	773
740	777
740	800
741	154
741	171
741	284
741	336
741	351
741	392
741	443
741	453
741	462
741	470
741	475
741	496
741	500
741	534
741	542
741	546
741	565
741	593
741	595
741	606
741	621
741	666
741	672
741	704
741	705
741	708
741	736
741	737
741	743
741	764
741	778
741	780
741	795
742	76
742	127
742	178
742	228
742	234
742	252
742	262
742	278
742	306
742	354
742	386
742	402
742	407
742	436
742	488
742	505
742	514
742	550
742	551
742	575
742	585
742	600
742	604
742	639
742	671
742	682
742	689
742	696
742	724
742	745
742	752
742	755
742	774
743	42
743	72
743	159
743	179
743	223
743	276
743	341
743	392
743	462
743	496
743	517
743	518
743	534
743	559
743	572
743	589
743	595
743	611
743	620
743	629
743	656
743	672
743	719
743	726
743	738
743	741
743	750
743	751
743	767
743	776
743	777
743	779
743	795
744	20
744	28
744	61
744	79
744	295
744	355
744	370
744	371
744	394
744	423
744	435
744	448
744	465
744	479
744	493
744	550
744	554
744	598
744	608
744	632
744	642
744	644
744	645
744	678
744	684
744	707
744	734
744	748
744	786
744	788
744	795
744	797
744	800
745	29
745	161
745	167
745	241
745	249
745	287
745	298
745	354
745	365
745	390
745	450
745	531
745	563
745	596
745	606
745	630
745	632
745	642
745	646
745	657
745	663
745	676
745	686
745	693
745	696
745	709
745	727
745	742
745	756
745	757
745	777
745	782
745	799
746	52
746	89
746	182
746	192
746	203
746	207
746	246
746	324
746	344
746	456
746	464
746	478
746	483
746	511
746	538
746	544
746	545
746	573
746	582
746	620
746	653
746	655
746	691
746	702
746	703
746	726
746	731
746	739
746	756
746	765
746	787
746	788
746	800
747	24
747	153
747	222
747	373
747	399
747	439
747	446
747	481
747	484
747	489
747	569
747	577
747	589
747	590
747	599
747	611
747	622
747	644
747	645
747	667
747	669
747	694
747	706
747	720
747	724
747	734
747	749
747	768
747	774
747	777
747	781
747	787
747	792
747	793
748	1
748	61
748	118
748	206
748	207
748	263
748	296
748	327
748	384
748	390
748	394
748	423
748	441
748	479
748	506
748	536
748	542
748	553
748	637
748	646
748	660
748	666
748	678
748	687
748	696
748	707
748	734
748	740
748	744
748	773
748	785
748	788
748	795
748	797
749	30
749	138
749	151
749	183
749	250
749	315
749	321
749	349
749	354
749	376
749	426
749	458
749	473
749	486
749	498
749	501
749	519
749	567
749	587
749	597
749	635
749	647
749	680
749	687
749	688
749	700
749	703
749	719
749	730
749	732
749	747
749	752
749	763
749	793
750	14
750	21
750	44
750	50
750	119
750	171
750	188
750	195
750	245
750	272
750	277
750	333
750	337
750	342
750	367
750	454
750	488
750	506
750	554
750	565
750	568
750	592
750	603
750	616
750	631
750	651
750	664
750	723
750	733
750	743
750	772
750	775
750	790
750	792
751	81
751	100
751	105
751	133
751	183
751	231
751	252
751	282
751	295
751	372
751	376
751	407
751	415
751	468
751	488
751	491
751	533
751	535
751	563
751	575
751	605
751	606
751	607
751	608
751	617
751	670
751	683
751	703
751	722
751	739
751	743
751	762
751	772
751	778
752	62
752	80
752	117
752	162
752	182
752	208
752	209
752	215
752	231
752	315
752	321
752	353
752	373
752	377
752	462
752	503
752	504
752	554
752	578
752	587
752	597
752	606
752	615
752	639
752	647
752	660
752	700
752	731
752	742
752	749
752	755
752	757
752	776
752	777
752	793
753	36
753	46
753	54
753	75
753	219
753	227
753	248
753	286
753	332
753	347
753	363
753	369
753	445
753	453
753	512
753	515
753	539
753	540
753	547
753	577
753	584
753	636
753	649
753	653
753	661
753	686
753	691
753	701
753	710
753	733
753	758
753	765
753	787
753	790
753	791
753	798
754	27
754	84
754	121
754	135
754	212
754	267
754	332
754	368
754	371
754	376
754	378
754	382
754	402
754	408
754	419
754	441
754	504
754	506
754	523
754	556
754	582
754	612
754	632
754	634
754	688
754	713
754	717
754	720
754	724
754	733
754	764
754	781
754	786
754	787
754	794
754	798
755	8
755	12
755	82
755	115
755	129
755	145
755	310
755	338
755	339
755	372
755	384
755	405
755	406
755	411
755	429
755	461
755	487
755	497
755	515
755	533
755	549
755	600
755	620
755	631
755	664
755	692
755	711
755	726
755	731
755	732
755	742
755	752
755	762
755	772
755	781
755	798
756	63
756	75
756	127
756	153
756	167
756	249
756	274
756	298
756	351
756	365
756	390
756	402
756	492
756	507
756	509
756	512
756	528
756	531
756	552
756	600
756	604
756	615
756	617
756	636
756	642
756	656
756	664
756	676
756	716
756	728
756	745
756	746
756	770
756	774
756	780
756	790
757	61
757	72
757	112
757	165
757	168
757	186
757	198
757	205
757	242
757	286
757	291
757	320
757	342
757	343
757	423
757	424
757	492
757	521
757	523
757	525
757	561
757	570
757	578
757	638
757	643
757	652
757	656
757	665
757	717
757	745
757	752
757	770
757	776
757	777
757	782
757	793
758	14
758	57
758	114
758	180
758	213
758	230
758	236
758	259
758	262
758	288
758	332
758	346
758	463
758	465
758	477
758	521
758	552
758	557
758	572
758	626
758	629
758	635
758	659
758	660
758	669
758	676
758	692
758	715
758	722
758	725
758	732
758	739
758	753
758	780
758	791
758	799
759	13
759	23
759	51
759	69
759	87
759	130
759	135
759	246
759	269
759	270
759	286
759	324
759	332
759	349
759	353
759	359
759	446
759	468
759	475
759	530
759	573
759	577
759	579
759	583
759	597
759	638
759	655
759	681
759	695
759	701
759	714
759	736
759	766
759	775
759	788
759	790
759	791
760	38
760	121
760	146
760	147
760	200
760	201
760	244
760	280
760	343
760	386
760	414
760	415
760	475
760	516
760	518
760	523
760	540
760	550
760	562
760	602
760	627
760	662
760	675
760	676
760	718
760	721
760	722
760	724
760	727
760	738
760	765
760	770
760	771
760	779
760	790
760	795
760	800
761	32
761	63
761	94
761	121
761	133
761	144
761	187
761	217
761	230
761	233
761	245
761	312
761	323
761	353
761	396
761	435
761	465
761	493
761	506
761	525
761	560
761	562
761	565
761	582
761	608
761	613
761	632
761	668
761	677
761	704
761	713
761	718
761	719
761	762
761	765
761	772
761	774
761	778
762	108
762	144
762	165
762	169
762	172
762	244
762	255
762	275
762	303
762	308
762	329
762	347
762	352
762	357
762	401
762	411
762	462
762	494
762	507
762	508
762	514
762	524
762	551
762	614
762	628
762	658
762	708
762	720
762	725
762	751
762	755
762	761
762	765
762	777
762	785
762	792
762	794
762	796
763	39
763	53
763	92
763	108
763	128
763	134
763	158
763	254
763	259
763	300
763	311
763	313
763	320
763	323
763	333
763	375
763	391
763	437
763	459
763	476
763	493
763	520
763	526
763	560
763	571
763	581
763	609
763	630
763	639
763	651
763	659
763	674
763	700
763	703
763	711
763	712
763	749
763	794
764	178
764	179
764	221
764	223
764	234
764	258
764	408
764	430
764	451
764	476
764	483
764	504
764	528
764	543
764	556
764	569
764	573
764	588
764	596
764	597
764	617
764	618
764	623
764	625
764	634
764	637
764	680
764	690
764	697
764	706
764	718
764	720
764	722
764	741
764	754
764	769
764	791
764	794
765	54
765	75
765	123
765	172
765	253
765	267
765	300
765	327
765	330
765	331
765	379
765	385
765	387
765	445
765	457
765	475
765	489
765	495
765	515
765	518
765	531
765	577
765	581
765	607
765	634
765	686
765	687
765	697
765	705
765	713
765	746
765	753
765	760
765	761
765	762
765	774
765	782
765	787
765	798
766	3
766	21
766	22
766	157
766	189
766	230
766	277
766	314
766	329
766	357
766	366
766	386
766	387
766	428
766	446
766	470
766	473
766	475
766	504
766	506
766	517
766	530
766	576
766	583
766	586
766	591
766	598
766	601
766	629
766	661
766	681
766	701
766	712
766	713
766	724
766	728
766	759
766	771
766	772
766	795
767	16
767	32
767	56
767	109
767	127
767	129
767	163
767	180
767	183
767	214
767	255
767	346
767	389
767	406
767	430
767	433
767	459
767	478
767	500
767	529
767	541
767	548
767	567
767	582
767	589
767	598
767	652
767	654
767	659
767	663
767	681
767	693
767	699
767	702
767	723
767	730
767	743
767	768
767	769
767	783
768	4
768	24
768	47
768	86
768	92
768	185
768	220
768	254
768	303
768	310
768	311
768	325
768	335
768	356
768	433
768	436
768	437
768	507
768	522
768	528
768	537
768	555
768	556
768	568
768	571
768	588
768	589
768	609
768	638
768	644
768	679
768	698
768	713
768	720
768	724
768	728
768	747
768	767
768	781
768	794
769	28
769	103
769	126
769	127
769	133
769	180
769	198
769	214
769	346
769	389
769	413
769	415
769	470
769	491
769	493
769	498
769	513
769	523
769	532
769	536
769	541
769	569
769	582
769	598
769	599
769	622
769	643
769	644
769	655
769	663
769	678
769	727
769	730
769	764
769	767
769	770
769	781
769	783
769	790
769	800
770	15
770	26
770	101
770	126
770	167
770	201
770	255
770	260
770	284
770	334
770	342
770	409
770	425
770	431
770	463
770	499
770	522
770	525
770	563
770	580
770	584
770	667
770	670
770	675
770	677
770	695
770	713
770	727
770	739
770	756
770	757
770	760
770	769
770	771
770	776
770	780
770	781
770	782
770	784
770	792
771	15
771	48
771	86
771	88
771	115
771	169
771	220
771	242
771	256
771	260
771	277
771	321
771	367
771	396
771	417
771	425
771	431
771	456
771	491
771	499
771	574
771	577
771	614
771	624
771	640
771	648
771	665
771	677
771	692
771	700
771	712
771	724
771	727
771	739
771	760
771	766
771	770
771	772
771	781
771	782
771	798
772	94
772	121
772	177
772	187
772	226
772	228
772	230
772	246
772	301
772	309
772	380
772	383
772	394
772	396
772	447
772	449
772	490
772	496
772	546
772	555
772	608
772	613
772	620
772	639
772	667
772	691
772	708
772	710
772	718
772	719
772	722
772	750
772	751
772	755
772	761
772	766
772	771
772	774
772	777
772	778
772	780
772	781
773	33
773	50
773	64
773	136
773	154
773	188
773	190
773	217
773	221
773	247
773	269
773	289
773	318
773	329
773	337
773	389
773	398
773	434
773	471
773	474
773	540
773	603
773	611
773	616
773	617
773	625
773	626
773	631
773	646
773	648
773	651
773	664
773	668
773	684
773	695
773	723
773	733
773	740
773	748
773	781
773	792
773	793
774	36
774	67
774	217
774	230
774	234
774	235
774	298
774	304
774	320
774	345
774	359
774	383
774	396
774	409
774	484
774	505
774	506
774	515
774	519
774	524
774	530
774	553
774	557
774	558
774	608
774	613
774	616
774	633
774	639
774	655
774	667
774	671
774	685
774	711
774	718
774	719
774	725
774	742
774	747
774	756
774	761
774	765
774	772
775	5
775	39
775	68
775	85
775	128
775	151
775	159
775	163
775	272
775	273
775	323
775	337
775	339
775	359
775	364
775	371
775	378
775	476
775	492
775	495
775	507
775	510
775	520
775	540
775	546
775	560
775	571
775	581
775	591
775	595
775	598
775	601
775	604
775	619
775	623
775	668
775	677
775	698
775	724
775	736
775	737
775	750
775	759
775	783
776	6
776	72
776	80
776	128
776	168
776	238
776	308
776	317
776	351
776	437
776	444
776	449
776	454
776	482
776	511
776	523
776	534
776	547
776	561
776	566
776	570
776	585
776	595
776	612
776	631
776	638
776	643
776	646
776	652
776	674
776	689
776	691
776	695
776	709
776	712
776	713
776	717
776	731
776	743
776	752
776	757
776	770
776	786
776	789
777	5
777	89
777	170
777	189
777	239
777	264
777	330
777	382
777	407
777	454
777	455
777	483
777	509
777	548
777	588
777	589
777	590
777	594
777	611
777	637
777	644
777	645
777	650
777	669
777	676
777	679
777	688
777	693
777	701
777	704
777	706
777	708
777	711
777	725
777	735
777	740
777	743
777	745
777	747
777	752
777	757
777	762
777	772
777	781
778	3
778	77
778	121
778	122
778	142
778	187
778	217
778	245
778	308
778	345
778	352
778	353
778	359
778	367
778	383
778	449
778	474
778	490
778	506
778	509
778	518
778	543
778	557
778	558
778	586
778	608
778	639
778	643
778	649
778	659
778	664
778	665
778	673
778	676
778	718
778	719
778	723
778	739
778	741
778	751
778	761
778	772
778	780
778	788
779	21
779	27
779	31
779	95
779	132
779	170
779	200
779	228
779	240
779	283
779	292
779	295
779	323
779	356
779	380
779	406
779	408
779	426
779	428
779	451
779	464
779	469
779	516
779	550
779	562
779	579
779	619
779	646
779	662
779	667
779	668
779	675
779	685
779	695
779	716
779	719
779	723
779	730
779	738
779	743
779	760
779	786
779	789
779	800
780	38
780	74
780	87
780	100
780	133
780	137
780	138
780	139
780	144
780	171
780	206
780	215
780	221
780	254
780	270
780	283
780	320
780	369
780	400
780	415
780	425
780	432
780	446
780	477
780	496
780	537
780	569
780	583
780	605
780	615
780	632
780	641
780	682
780	704
780	741
780	756
780	758
780	770
780	772
780	778
780	789
780	792
780	794
780	796
781	24
781	30
781	48
781	94
781	153
781	165
781	174
781	182
781	185
781	197
781	204
781	208
781	226
781	331
781	382
781	393
781	414
781	537
781	540
781	554
781	568
781	590
781	595
781	610
781	622
781	645
781	687
781	693
781	706
781	709
781	714
781	724
781	735
781	736
781	747
781	754
781	755
781	768
781	769
781	770
781	771
781	772
781	773
781	777
782	15
782	24
782	101
782	126
782	143
782	179
782	250
782	299
782	310
782	320
782	348
782	367
782	405
782	409
782	422
782	425
782	487
782	522
782	525
782	567
782	580
782	593
782	597
782	598
782	604
782	663
782	665
782	674
782	677
782	679
782	681
782	686
782	692
782	723
782	726
782	727
782	736
782	739
782	745
782	757
782	765
782	770
782	771
782	791
783	23
783	32
783	81
783	91
783	127
783	134
783	180
783	187
783	212
783	232
783	239
783	280
783	292
783	346
783	378
783	413
783	417
783	430
783	437
783	459
783	471
783	474
783	489
783	498
783	513
783	532
783	541
783	544
783	594
783	598
783	627
783	632
783	644
783	676
783	684
783	685
783	689
783	690
783	700
783	723
783	730
783	767
783	769
783	775
784	29
784	88
784	98
784	108
784	166
784	191
784	198
784	212
784	214
784	216
784	243
784	271
784	306
784	326
784	362
784	368
784	370
784	372
784	402
784	412
784	416
784	419
784	422
784	438
784	443
784	456
784	473
784	516
784	544
784	585
784	593
784	609
784	624
784	628
784	648
784	679
784	685
784	686
784	707
784	710
784	713
784	720
784	770
784	787
784	800
785	33
785	77
785	97
785	109
785	153
785	165
785	169
785	194
785	226
785	237
785	275
785	352
785	370
785	374
785	391
785	411
785	425
785	450
785	452
785	473
785	474
785	477
785	483
785	484
785	511
785	537
785	548
785	549
785	561
785	609
785	628
785	650
785	651
785	656
785	679
785	686
785	705
785	708
785	711
785	725
785	736
785	748
785	762
785	792
785	796
786	45
786	69
786	70
786	105
786	127
786	141
786	264
786	360
786	371
786	373
786	375
786	393
786	409
786	410
786	422
786	437
786	444
786	452
786	458
786	514
786	515
786	532
786	581
786	595
786	605
786	610
786	619
786	625
786	638
786	645
786	650
786	658
786	669
786	671
786	689
786	702
786	703
786	722
786	744
786	754
786	776
786	779
786	792
786	793
786	796
787	75
787	78
787	139
787	145
787	147
787	176
787	202
787	267
787	295
787	304
787	327
787	331
787	347
787	363
787	379
787	387
787	391
787	410
787	455
787	461
787	464
787	495
787	503
787	542
787	549
787	562
787	577
787	584
787	608
787	610
787	629
787	630
787	631
787	641
787	655
787	687
787	715
787	726
787	738
787	746
787	747
787	753
787	754
787	765
787	784
787	798
788	83
788	95
788	131
788	228
788	236
788	241
788	271
788	296
788	343
788	370
788	388
788	400
788	419
788	423
788	443
788	524
788	526
788	533
788	535
788	536
788	542
788	554
788	561
788	576
788	587
788	629
788	636
788	637
788	642
788	654
788	657
788	678
788	690
788	707
788	716
788	728
788	735
788	744
788	746
788	748
788	759
788	778
788	791
788	792
788	795
788	797
789	17
789	25
789	73
789	83
789	89
789	102
789	106
789	128
789	149
789	197
789	198
789	231
789	244
789	271
789	272
789	290
789	343
789	368
789	372
789	374
789	388
789	412
789	413
789	418
789	439
789	452
789	458
789	475
789	502
789	535
789	560
789	575
789	599
789	603
789	619
789	637
789	645
789	648
789	674
789	685
789	698
789	704
789	776
789	779
789	780
789	798
789	800
790	113
790	173
790	175
790	181
790	190
790	210
790	211
790	237
790	239
790	265
790	282
790	318
790	357
790	369
790	377
790	407
790	428
790	439
790	453
790	460
790	466
790	469
790	470
790	507
790	522
790	533
790	553
790	605
790	606
790	608
790	615
790	624
790	636
790	642
790	673
790	695
790	706
790	707
790	709
790	718
790	750
790	753
790	756
790	759
790	760
790	769
790	792
791	19
791	45
791	46
791	62
791	68
791	103
791	112
791	129
791	136
791	164
791	193
791	225
791	270
791	274
791	300
791	356
791	377
791	409
791	421
791	459
791	461
791	465
791	508
791	532
791	535
791	550
791	555
791	574
791	579
791	595
791	635
791	649
791	657
791	660
791	691
791	702
791	715
791	723
791	737
791	738
791	753
791	758
791	759
791	764
791	782
791	788
791	799
792	114
792	118
792	125
792	150
792	163
792	172
792	254
792	257
792	312
792	347
792	352
792	369
792	405
792	411
792	412
792	427
792	499
792	511
792	524
792	532
792	601
792	624
792	628
792	650
792	654
792	658
792	665
792	671
792	680
792	685
792	705
792	708
792	710
792	719
792	725
792	747
792	750
792	762
792	770
792	773
792	780
792	785
792	786
792	788
792	790
792	796
792	800
793	44
793	49
793	50
793	80
793	83
793	92
793	117
793	182
793	239
793	258
793	281
793	289
793	293
793	315
793	321
793	365
793	377
793	387
793	403
793	418
793	486
793	495
793	501
793	533
793	535
793	553
793	578
793	587
793	597
793	602
793	628
793	646
793	647
793	662
793	692
793	697
793	700
793	705
793	722
793	732
793	747
793	749
793	752
793	757
793	773
793	786
793	794
794	38
794	54
794	56
794	60
794	125
794	234
794	294
794	319
794	336
794	376
794	380
794	381
794	393
794	405
794	410
794	418
794	441
794	466
794	490
794	492
794	495
794	504
794	522
794	543
794	594
794	611
794	623
794	632
794	634
794	651
794	661
794	664
794	680
794	686
794	690
794	695
794	710
794	720
794	722
794	732
794	733
794	754
794	762
794	763
794	764
794	768
794	780
794	793
795	1
795	11
795	55
795	61
795	97
795	98
795	112
795	131
795	194
795	236
795	300
795	339
795	343
795	357
795	361
795	370
795	388
795	423
795	448
795	478
795	493
795	513
795	529
795	536
795	542
795	554
795	556
795	586
795	603
795	620
795	631
795	642
795	654
795	667
795	668
795	678
795	706
795	707
795	717
795	728
795	739
795	741
795	743
795	744
795	748
795	760
795	766
795	788
795	797
796	11
796	16
796	66
796	86
796	114
796	118
796	120
796	150
796	169
796	194
796	275
796	310
796	352
796	394
796	405
796	411
796	434
796	439
796	459
796	470
796	474
796	504
796	511
796	517
796	524
796	567
796	573
796	617
796	628
796	638
796	648
796	650
796	658
796	661
796	686
796	702
796	705
796	708
796	712
796	723
796	725
796	728
796	762
796	780
796	785
796	786
796	792
796	797
796	798
797	12
797	82
797	95
797	128
797	131
797	164
797	197
797	258
797	266
797	296
797	343
797	363
797	365
797	370
797	388
797	423
797	446
797	448
797	454
797	461
797	462
797	469
797	511
797	536
797	542
797	554
797	564
797	570
797	588
797	603
797	621
797	637
797	642
797	654
797	655
797	663
797	677
797	678
797	680
797	683
797	695
797	706
797	707
797	734
797	744
797	748
797	788
797	795
797	796
798	12
798	28
798	40
798	52
798	82
798	90
798	91
798	105
798	143
798	145
798	283
798	310
798	330
798	338
798	339
798	350
798	384
798	482
798	487
798	549
798	550
798	564
798	569
798	596
798	597
798	599
798	620
798	634
798	662
798	667
798	668
798	685
798	686
798	691
798	696
798	701
798	709
798	710
798	715
798	726
798	739
798	753
798	754
798	755
798	765
798	771
798	787
798	789
798	796
799	11
799	20
799	37
799	51
799	64
799	71
799	161
799	164
799	193
799	199
799	216
799	245
799	274
799	279
799	296
799	329
799	341
799	382
799	385
799	403
799	419
799	421
799	423
799	438
799	451
799	458
799	465
799	467
799	485
799	522
799	540
799	559
799	566
799	593
799	603
799	605
799	657
799	659
799	673
799	687
799	699
799	700
799	708
799	715
799	729
799	730
799	745
799	758
799	791
800	1
800	70
800	109
800	161
800	205
800	228
800	235
800	240
800	241
800	257
800	270
800	273
800	327
800	374
800	384
800	385
800	395
800	406
800	414
800	427
800	428
800	462
800	464
800	479
800	493
800	518
800	550
800	556
800	562
800	602
800	647
800	656
800	662
800	675
800	697
800	709
800	716
800	720
800	721
800	727
800	738
800	740
800	744
800	746
800	760
800	769
800	779
800	784
800	789
800	792
