1	33 
2	44 
3	23 
4	41 
5	2 
6	30 
7	4 
8	11 
9	28 
10	20 
11	35 
12	23 
13	21 
14	38 
15	25 
16	1 
17	58 
18	30 
19	5 
20	26 
21	55 
22	3 
23	58 
24	16 
25	5 
26	18 
27	39 
28	37 
29	11 
30	34 
31	41 
32	15 
33	52 
34	45 
35	32 
36	41 
37	8 
38	55 
39	14 
40	7 
41	2 
42	45 
43	42 
44	19 
45	2 
46	45 
47	13 
48	1 
49	17 
50	56 
51	18 
52	18 
53	19 
54	43 
55	26 
56	48 
57	32 
58	52 
59	20 
60	56 
61	54 
62	35 
63	28 
64	48 
65	8 
66	52 
67	2 
68	21 
69	32 
70	53 
71	25 
72	56 
73	33 
74	26 
75	10 
76	2 
77	21 
78	10 
79	41 
80	49 
81	26 
82	10 
83	52 
84	28 
85	58 
86	5 
87	8 
88	57 
89	46 
90	13 
91	20 
92	1 
93	38 
94	10 
95	15 
96	30 
97	47 
98	36 
99	38 
100	56 
101	41 
102	38 
103	25 
104	9 
105	55 
106	23 
107	5 
108	6 
109	2 
110	8 
111	58 
112	33 
113	53 
114	9 
115	24 
116	54 
117	47 
118	57 
119	57 
120	53 
121	39 
122	8 
123	58 
124	57 
125	29 
126	31 
127	21 
128	48 
129	10 
130	41 
131	15 
132	58 
133	53 
134	58 
135	53 
136	9 
137	53 
138	20 
139	39 
140	48 
141	16 
142	27 
143	51 
144	3 
145	4 
146	11 
147	10 
148	28 
149	14 
150	20 
151	32 
152	49 
153	32 
154	53 
155	28 
156	30 
157	58 
158	31 
159	47 
160	13 
161	57 
162	46 
163	48 
164	4 
165	40 
166	45 
167	47 
168	34 
169	37 
170	48 
171	37 
172	32 
173	33 
174	22 
175	42 
176	47 
177	20 
178	48 
179	39 
180	21 
181	45 
182	33 
183	35 
184	38 
185	31 
186	30 
187	53 
188	52 
189	6 
190	26 
191	7 
192	8 
193	37 
194	30 
195	43 
196	29 
197	51 
198	52 
199	24 
200	27 
201	33 
202	16 
203	45 
204	47 
205	32 
206	48 
207	7 
208	48 
209	19 
210	9 
211	15 
212	2 
213	46 
214	13 
215	16 
216	28 
217	6 
218	8 
219	22 
220	5 
221	32 
222	55 
223	27 
224	15 
225	26 
226	12 
227	57 
228	45 
229	27 
230	30 
231	57 
232	20 
233	47 
234	51 
235	42 
236	50 
237	43 
238	42 
239	23 
240	53 
241	13 
242	26 
243	37 
244	47 
245	14 
246	54 
247	14 
248	17 
249	7 
250	27 
251	42 
252	11 
253	13 
254	57 
255	33 
256	45 
257	34 
258	37 
259	25 
260	21 
261	5 
262	34 
263	21 
264	19 
265	45 
266	37 
267	29 
268	29 
269	32 
270	27 
271	52 
272	15 
273	41 
274	5 
275	35 
276	6 
277	23 
278	47 
279	20 
280	46 
281	38 
282	34 
283	48 
284	49 
285	15 
286	29 
287	45 
288	42 
289	26 
290	41 
291	4 
292	44 
293	32 
294	52 
295	45 
296	30 
297	48 
298	8 
299	14 
300	13 
301	4 
302	12 
303	15 
304	36 
305	10 
306	56 
307	52 
308	55 
309	11 
310	58 
311	21 
312	19 
313	34 
314	54 
315	18 
316	48 
317	37 
318	52 
319	38 
320	19 
321	54 
322	34 
323	18 
324	15 
325	27 
326	54 
327	52 
328	21 
329	53 
330	13 
331	16 
332	13 
333	54 
334	9 
335	53 
336	8 
337	11 
338	23 
339	35 
340	57 
341	30 
342	4 
343	54 
344	10 
345	24 
346	12 
347	55 
348	3 
349	15 
350	39 
351	38 
352	57 
353	55 
354	29 
355	58 
356	25 
357	20 
358	25 
359	28 
360	9 
361	2 
362	4 
363	42 
364	48 
365	52 
366	31 
367	11 
368	47 
369	10 
370	23 
371	14 
372	1 
373	31 
374	53 
375	13 
376	30 
377	58 
378	49 
379	15 
380	45 
381	53 
382	16 
383	55 
384	55 
385	42 
386	54 
387	42 
388	47 
389	55 
390	38 
391	17 
392	30 
393	54 
394	55 
395	18 
396	42 
397	6 
398	48 
399	54 
400	10 
401	40 
402	52 
403	15 
404	4 
405	22 
406	14 
407	11 
408	11 
409	10 
410	44 
411	46 
412	13 
413	35 
414	6 
415	27 
416	39 
417	44 
418	36 
419	21 
420	3 
421	1 
422	45 
423	56 
424	47 
425	54 
426	47 
427	44 
428	58 
429	57 
430	37 
431	46 
432	48 
433	51 
434	25 
435	2 
436	37 
437	8 
438	37 
439	43 
440	2 
441	28 
442	19 
443	40 
444	52 
445	8 
446	20 
447	41 
448	39 
449	50 
450	47 
451	56 
452	17 
453	9 
454	40 
455	49 
456	21 
457	30 
458	24 
459	2 
460	42 
461	48 
462	23 
463	8 
464	57 
465	5 
466	51 
467	7 
468	50 
469	40 
470	12 
471	48 
472	11 
473	33 
474	39 
475	29 
476	28 
477	53 
478	29 
479	28 
480	8 
481	53 
482	3 
483	53 
484	51 
485	32 
486	57 
487	33 
488	56 
489	2 
490	31 
491	24 
492	32 
493	32 
494	33 
495	15 
496	48 
497	21 
498	39 
499	57 
500	15 
501	34 
502	35 
503	3 
504	10 
505	20 
506	57 
507	32 
508	24 
509	6 
510	47 
511	6 
512	3 
513	32 
514	40 
515	33 
516	14 
517	1 
518	44 
519	11 
520	8 
521	11 
522	43 
523	26 
524	20 
525	19 
526	6 
527	53 
528	36 
529	38 
530	33 
531	31 
532	38 
533	32 
534	31 
535	44 
536	55 
537	52 
538	13 
539	3 
540	18 
541	27 
542	9 
543	32 
544	35 
545	55 
546	25 
547	44 
548	52 
549	53 
550	34 
551	5 
552	57 
553	5 
554	26 
555	19 
556	14 
557	6 
558	53 
559	53 
560	32 
561	37 
562	50 
563	30 
564	20 
565	4 
566	38 
567	23 
568	37 
569	24 
570	30 
571	31 
572	21 
573	56 
574	2 
575	33 
576	53 
577	7 
578	34 
579	21 
580	27 
581	35 
582	45 
583	49 
584	51 
585	14 
586	1 
587	21 
588	23 
589	40 
590	37 
591	2 
592	38 
593	3 
594	26 
595	31 
596	23 
597	6 
598	33 
599	26 
600	16 
601	40 
602	15 
603	33 
604	39 
605	1 
606	50 
607	50 
608	58 
609	35 
610	20 
611	3 
612	45 
613	35 
614	8 
615	21 
616	26 
617	41 
618	52 
619	29 
620	49 
621	48 
622	11 
623	37 
624	52 
625	13 
626	36 
627	33 
628	10 
629	23 
630	33 
631	50 
632	48 
633	36 
634	53 
635	47 
636	38 
637	13 
638	29 
639	15 
640	22 
641	31 
642	13 
643	58 
644	8 
645	35 
646	13 
647	50 
648	36 
649	8 
650	27 
651	37 
652	57 
653	43 
654	57 
655	37 
656	2 
657	5 
658	26 
659	42 
660	29 
661	24 
662	9 
663	11 
664	3 
665	17 
666	32 
667	44 
668	29 
669	4 
670	33 
671	29 
672	15 
673	8 
674	14 
675	10 
676	35 
677	2 
678	55 
679	2 
680	4 
681	37 
682	35 
683	11 
684	29 
685	56 
686	6 
687	51 
688	3 
689	50 
690	3 
691	56 
692	25 
693	45 
694	26 
695	36 
696	9 
697	9 
698	11 
699	57 
700	39 
701	35 
702	38 
703	46 
704	56 
705	50 
706	14 
707	52 
708	3 
709	43 
710	16 
711	47 
712	14 
713	42 
714	45 
715	6 
716	29 
717	39 
718	32 
719	1 
720	49 
721	6 
722	56 
723	21 
724	23 
725	41 
726	41 
727	21 
728	26 
729	43 
730	54 
731	58 
732	10 
733	12 
734	24 
735	23 
736	28 
737	45 
738	16 
739	28 
740	10 
741	13 
742	36 
743	37 
744	17 
745	56 
746	55 
747	2 
748	53 
749	43 
750	4 
751	29 
752	32 
753	33 
754	1 
755	13 
756	1 
757	48 
758	56 
759	13 
760	14 
761	21 
762	30 
763	55 
764	20 
765	51 
766	22 
767	26 
768	8 
769	6 
770	37 
771	51 
772	24 
773	18 
774	38 
775	3 
776	22 
777	47 
778	29 
779	56 
780	25 
781	23 
782	54 
783	14 
784	9 
785	42 
786	3 
787	15 
788	57 
789	27 
790	15 
791	17 
792	32 
793	35 
794	29 
795	45 
796	8 
797	6 
798	34 
799	17 
800	30 
801	18 
802	12 
803	46 
804	9 
805	56 
806	32 
807	42 
808	12 
809	56 
810	37 
811	41 
812	29 
813	9 
814	5 
815	47 
816	10 
817	11 
818	10 
819	44 
820	21 
821	10 
822	38 
823	48 
824	41 
825	55 
826	15 
827	58 
828	28 
829	26 
830	40 
831	23 
832	6 
833	40 
834	32 
835	39 
836	52 
837	50 
838	50 
839	50 
840	8 
841	28 
842	20 
843	24 
844	19 
845	3 
846	37 
847	23 
848	42 
849	54 
850	47 
851	30 
852	55 
853	33 
854	55 
855	11 
856	42 
857	27 
858	9 
859	51 
860	2 
861	53 
862	17 
863	52 
864	19 
865	42 
866	49 
867	56 
868	41 
869	34 
870	56 
871	18 
872	57 
873	2 
874	16 
875	58 
876	10 
877	52 
878	28 
879	58 
880	9 
881	37 
882	41 
883	14 
884	3 
885	53 
886	15 
887	2 
888	21 
889	26 
890	55 
891	12 
892	20 
893	38 
894	30 
895	4 
896	37 
897	48 
898	23 
899	43 
900	48 
901	10 
902	20 
903	30 
904	12 
905	35 
906	37 
907	9 
908	41 
909	4 
910	15 
911	45 
912	58 
913	22 
914	50 
915	33 
916	23 
917	22 
918	15 
919	3 
920	45 
921	26 
922	28 
923	13 
924	56 
925	8 
926	39 
927	8 
928	35 
929	55 
930	37 
931	54 
932	31 
933	14 
934	8 
935	26 
936	24 
937	31 
938	4 
939	31 
940	23 
941	30 
942	21 
943	39 
944	32 
945	22 
946	28 
947	53 
948	10 
949	45 
950	8 
951	36 
952	34 
953	32 
954	54 
955	32 
956	16 
957	51 
958	36 
959	51 
960	24 
961	6 
962	47 
963	24 
964	53 
965	31 
966	21 
967	25 
968	37 
969	14 
970	22 
971	12 
972	27 
973	33 
974	40 
975	54 
976	3 
977	43 
978	52 
979	44 
980	2 
981	34 
982	3 
983	24 
984	12 
985	32 
986	38 
987	43 
988	28 
989	53 
990	56 
991	40 
992	7 
993	56 
994	15 
995	34 
996	17 
997	23 
998	18 
999	41 
1000	49 
1001	57 
1002	28 
1003	6 
1004	14 
1005	58 
1006	27 
1007	6 
1008	50 
1009	35 
1010	7 
1011	55 
1012	33 
1013	40 
1014	16 
1015	1 
1016	9 
1017	31 
1018	27 
1019	45 
1020	56 
1021	54 
1022	45 
1023	5 
1024	48 
1025	50 
1026	24 
1027	54 
1028	52 
1029	29 
1030	42 
1031	26 
1032	48 
1033	12 
1034	7 
1035	6 
1036	55 
1037	11 
1038	4 
1039	32 
1040	8 
1041	43 
1042	48 
1043	25 
1044	7 
1045	35 
1046	22 
1047	13 
1048	6 
1049	24 
1050	56 
1051	34 
1052	9 
1053	51 
1054	7 
1055	21 
1056	41 
1057	33 
1058	48 
1059	30 
1060	5 
1061	21 
1062	53 
1063	21 
1064	8 
1065	38 
1066	44 
1067	12 
1068	6 
1069	52 
1070	7 
1071	14 
1072	10 
1073	15 
1074	14 
1075	19 
1076	49 
1077	4 
1078	9 
1079	1 
1080	24 
1081	14 
1082	9 
1083	17 
1084	42 
1085	15 
1086	22 
1087	45 
1088	36 
1089	33 
1090	7 
1091	28 
1092	20 
1093	26 
1094	46 
1095	2 
1096	46 
1097	36 
1098	22 
1099	2 
1100	56 
1101	45 
1102	47 
1103	53 
1104	55 
1105	42 
1106	13 
1107	57 
1108	8 
1109	2 
1110	47 
1111	58 
1112	23 
1113	15 
1114	2 
1115	43 
1116	47 
1117	9 
1118	56 
1119	30 
1120	30 
1121	58 
1122	19 
1123	54 
1124	24 
1125	26 
1126	57 
1127	39 
1128	34 
1129	53 
1130	14 
1131	3 
1132	54 
1133	23 
1134	17 
1135	54 
1136	18 
1137	10 
1138	12 
1139	17 
1140	30 
1141	21 
1142	51 
1143	39 
1144	8 
1145	56 
1146	28 
1147	43 
1148	23 
1149	6 
1150	36 
1151	40 
1152	39 
1153	57 
1154	54 
1155	58 
1156	20 
1157	52 
1158	23 
1159	9 
1160	30 
1161	9 
1162	13 
1163	2 
1164	12 
1165	6 
1166	52 
1167	14 
1168	21 
1169	9 
1170	15 
1171	47 
1172	27 
1173	43 
1174	33 
1175	30 
1176	35 
1177	44 
1178	50 
1179	10 
1180	58 
1181	3 
1182	43 
1183	16 
1184	5 
1185	8 
1186	11 
1187	49 
1188	30 
1189	6 
1190	46 
1191	30 
1192	5 
1193	38 
1194	21 
1195	37 
1196	18 
1197	52 
1198	52 
1199	11 
1200	35 
1201	53 
1202	58 
1203	31 
1204	8 
1205	48 
1206	29 
1207	23 
1208	55 
1209	15 
1210	13 
1211	45 
1212	48 
1213	47 
1214	29 
1215	12 
1216	19 
1217	10 
1218	47 
1219	18 
1220	57 
1221	13 
1222	42 
1223	22 
1224	21 
1225	20 
1226	15 
1227	38 
1228	38 
1229	41 
1230	31 
1231	3 
1232	35 
1233	48 
1234	54 
1235	15 
1236	25 
1237	49 
1238	49 
1239	17 
1240	18 
1241	58 
1242	32 
1243	21 
1244	56 
1245	7 
1246	22 
1247	32 
1248	45 
1249	2 
1250	26 
1251	16 
1252	1 
1253	15 
1254	23 
1255	57 
1256	14 
1257	15 
1258	29 
1259	2 
1260	5 
1261	12 
1262	49 
1263	38 
1264	46 
1265	47 
1266	29 
1267	42 
1268	21 
1269	3 
1270	47 
1271	28 
1272	9 
1273	9 
1274	33 
1275	12 
1276	19 
1277	14 
1278	2 
1279	2 
1280	27 
1281	1 
1282	44 
1283	52 
1284	52 
1285	24 
1286	34 
1287	37 
1288	45 
1289	12 
1290	45 
1291	30 
1292	30 
1293	52 
1294	38 
1295	45 
1296	52 
1297	56 
1298	2 
1299	40 
1300	46 
1301	34 
1302	17 
1303	52 
1304	40 
1305	4 
1306	45 
1307	22 
1308	57 
1309	26 
1310	51 
1311	21 
1312	18 
1313	40 
1314	55 
1315	45 
1316	35 
1317	54 
1318	54 
1319	58 
1320	29 
1321	5 
1322	56 
1323	23 
1324	33 
1325	23 
1326	32 
1327	2 
1328	19 
1329	11 
1330	29 
1331	37 
1332	28 
1333	26 
1334	9 
1335	58 
1336	28 
1337	47 
1338	57 
1339	29 
1340	36 
1341	56 
1342	39 
1343	41 
1344	43 
1345	22 
1346	6 
1347	46 
1348	58 
1349	52 
1350	37 
1351	52 
1352	35 
1353	40 
1354	34 
1355	26 
1356	5 
1357	38 
1358	58 
1359	30 
1360	34 
1361	24 
1362	48 
1363	45 
1364	15 
1365	16 
1366	41 
1367	1 
1368	23 
1369	29 
1370	57 
1371	41 
1372	33 
1373	6 
1374	36 
1375	42 
1376	14 
1377	55 
1378	49 
1379	9 
1380	57 
1381	33 
1382	21 
1383	44 
1384	46 
1385	22 
1386	43 
1387	8 
1388	41 
1389	14 
1390	41 
1391	5 
1392	19 
1393	37 
1394	35 
1395	30 
1396	4 
1397	46 
1398	54 
1399	54 
1400	18 
1401	41 
1402	14 
1403	41 
1404	25 
1405	49 
1406	53 
1407	10 
1408	52 
1409	2 
1410	29 
1411	32 
1412	5 
1413	3 
1414	25 
1415	34 
1416	24 
1417	33 
1418	38 
1419	45 
1420	37 
1421	50 
1422	5 
1423	45 
1424	36 
1425	35 
1426	15 
1427	2 
1428	23 
1429	7 
1430	45 
1431	53 
1432	9 
1433	48 
1434	4 
1435	4 
1436	6 
1437	40 
1438	12 
1439	40 
1440	23 
1441	38 
1442	34 
1443	49 
1444	23 
1445	54 
1446	40 
1447	56 
1448	22 
1449	47 
1450	12 
1451	9 
1452	14 
1453	46 
1454	19 
1455	39 
1456	23 
1457	58 
1458	42 
1459	36 
1460	1 
1461	34 
1462	18 
1463	35 
1464	18 
1465	53 
1466	8 
1467	11 
1468	40 
1469	48 
1470	42 
1471	58 
1472	14 
1473	53 
1474	41 
1475	38 
1476	58 
1477	25 
1478	24 
1479	49 
1480	52 
1481	46 
1482	10 
1483	37 
1484	16 
1485	43 
1486	13 
1487	56 
1488	53 
1489	41 
1490	25 
1491	55 
1492	10 
1493	14 
1494	7 
1495	13 
1496	37 
1497	7 
1498	7 
1499	25 
1500	47 
1501	22 
1502	15 
1503	16 
1504	41 
1505	3 
1506	13 
1507	8 
1508	22 
1509	19 
1510	41 
1511	39 
1512	33 
1513	55 
1514	35 
1515	44 
1516	6 
1517	38 
1518	44 
1519	2 
1520	12 
1521	37 
1522	15 
1523	45 
1524	56 
1525	23 
1526	46 
1527	52 
1528	34 
1529	32 
1530	5 
1531	39 
1532	26 
1533	20 
1534	53 
1535	14 
1536	48 
1537	45 
1538	18 
1539	42 
1540	18 
1541	47 
1542	41 
1543	18 
1544	2 
1545	18 
1546	23 
1547	55 
1548	32 
1549	30 
1550	40 
1551	13 
1552	6 
1553	56 
1554	24 
1555	54 
1556	51 
1557	28 
1558	19 
1559	17 
1560	12 
1561	27 
1562	13 
1563	20 
1564	22 
1565	37 
1566	31 
1567	13 
1568	33 
1569	23 
1570	25 
1571	1 
1572	28 
1573	15 
1574	14 
1575	47 
1576	11 
1577	36 
1578	42 
1579	45 
1580	30 
1581	38 
1582	15 
1583	21 
1584	5 
1585	28 
1586	51 
1587	32 
1588	53 
1589	38 
1590	48 
1591	17 
1592	46 
1593	10 
1594	51 
1595	5 
1596	39 
1597	52 
1598	14 
1599	22 
1600	55 
1601	17 
1602	26 
1603	46 
1604	21 
1605	52 
1606	33 
1607	2 
1608	57 
1609	14 
1610	22 
1611	2 
1612	39 
1613	23 
1614	13 
1615	41 
1616	52 
1617	32 
1618	52 
1619	6 
1620	52 
1621	7 
1622	42 
1623	41 
1624	24 
1625	3 
1626	40 
1627	27 
1628	51 
1629	42 
1630	33 
1631	53 
1632	26 
1633	45 
1634	42 
1635	16 
1636	24 
1637	3 
1638	10 
1639	14 
1640	43 
1641	21 
1642	3 
1643	3 
1644	18 
1645	48 
1646	18 
1647	52 
1648	41 
1649	48 
1650	21 
1651	37 
1652	37 
1653	49 
1654	49 
1655	16 
1656	52 
1657	14 
1658	50 
1659	3 
1660	37 
1661	10 
1662	26 
1663	8 
1664	6 
1665	48 
1666	14 
1667	11 
1668	55 
1669	16 
1670	56 
1671	31 
1672	9 
1673	8 
1674	13 
1675	32 
1676	16 
1677	52 
1678	32 
1679	48 
1680	21 
1681	21 
1682	19 
1683	10 
1684	16 
1685	29 
1686	45 
1687	2 
1688	1 
1689	33 
1690	17 
1691	51 
1692	49 
1693	48 
1694	18 
1695	17 
1696	38 
1697	55 
1698	44 
1699	48 
1700	23 
1701	6 
1702	23 
1703	46 
1704	10 
1705	37 
1706	37 
1707	15 
1708	37 
1709	7 
1710	28 
1711	11 
1712	1 
1713	12 
1714	38 
1715	39 
1716	19 
1717	28 
1718	6 
1719	40 
1720	25 
1721	44 
1722	47 
1723	31 
1724	55 
1725	52 
1726	37 
1727	49 
1728	41 
1729	35 
1730	44 
1731	33 
1732	20 
1733	37 
1734	43 
1735	37 
1736	6 
1737	23 
1738	45 
1739	30 
1740	7 
1741	31 
1742	1 
1743	21 
1744	15 
1745	29 
1746	36 
1747	30 
1748	21 
1749	12 
1750	42 
1751	50 
1752	33 
1753	23 
1754	56 
1755	50 
1756	21 
1757	41 
1758	20 
1759	25 
1760	11 
1761	29 
1762	15 
1763	48 
1764	57 
1765	7 
1766	47 
1767	9 
1768	24 
1769	42 
1770	34 
1771	47 
1772	32 
1773	49 
1774	54 
1775	5 
1776	38 
1777	14 
1778	31 
1779	53 
1780	25 
1781	47 
1782	32 
1783	15 
1784	17 
1785	49 
1786	58 
1787	9 
1788	7 
1789	13 
1790	46 
1791	47 
1792	9 
1793	28 
1794	34 
1795	15 
1796	46 
1797	27 
1798	43 
1799	57 
1800	7 
