1	85
1	109
1	285
1	357
1	370
1	389
1	399
2	156
2	199
2	306
2	354
2	360
2	375
2	377
3	122
3	214
3	225
3	227
3	322
3	339
3	400
4	85
4	95
4	155
4	167
4	243
4	289
4	373
5	95
5	230
5	315
5	356
5	358
5	377
5	379
6	271
6	294
6	312
6	315
6	382
6	395
6	399
7	98
7	122
7	219
7	315
7	335
7	352
7	398
8	181
8	210
8	297
8	307
8	323
8	386
8	392
9	72
9	133
9	141
9	312
9	388
9	398
9	399
10	54
10	177
10	254
10	282
10	340
10	354
10	395
11	71
11	146
11	226
11	260
11	329
11	366
11	381
12	171
12	242
12	266
12	327
12	379
12	380
12	397
13	140
13	236
13	268
13	280
13	368
13	375
13	396
14	110
14	263
14	272
14	355
14	384
14	390
14	400
15	298
15	311
15	330
15	359
15	367
15	378
15	396
16	63
16	109
16	228
16	276
16	339
16	374
16	386
17	85
17	150
17	214
17	230
17	331
17	338
17	390
18	76
18	132
18	231
18	257
18	330
18	332
18	353
19	33
19	335
19	378
19	384
19	398
19	399
19	400
20	32
20	285
20	294
20	298
20	304
20	309
20	350
21	26
21	28
21	186
21	246
21	342
21	357
21	387
22	67
22	264
22	302
22	305
22	374
22	391
22	399
23	110
23	184
23	230
23	272
23	376
23	382
23	395
24	75
24	119
24	222
24	352
24	381
24	389
24	398
25	138
25	216
25	244
25	304
25	373
25	375
25	383
26	21
26	34
26	186
26	232
26	295
26	302
26	328
27	64
27	142
27	239
27	289
27	299
27	359
27	393
28	21
28	276
28	320
28	354
28	361
28	369
28	387
29	170
29	212
29	263
29	335
29	372
29	375
29	396
30	65
30	243
30	253
30	282
30	334
30	351
30	364
31	64
31	234
31	299
31	307
31	339
31	380
31	386
32	20
32	77
32	138
32	199
32	285
32	313
32	361
33	19
33	113
33	174
33	348
33	349
33	368
33	388
34	26
34	175
34	202
34	276
34	322
34	387
34	392
35	46
35	57
35	209
35	248
35	331
35	349
35	375
36	272
36	296
36	297
36	320
36	348
36	377
36	379
37	86
37	124
37	157
37	330
37	366
37	367
37	400
38	56
38	121
38	262
38	325
38	386
38	389
38	391
39	317
39	324
39	347
39	353
39	367
39	381
39	383
40	92
40	258
40	284
40	371
40	383
40	388
40	393
41	158
41	198
41	312
41	351
41	357
41	385
41	397
42	237
42	251
42	324
42	330
42	349
42	380
42	399
43	58
43	140
43	164
43	172
43	203
43	279
43	349
44	82
44	95
44	160
44	229
44	253
44	377
44	396
45	126
45	196
45	304
45	341
45	353
45	377
45	384
46	35
46	72
46	148
46	327
46	352
46	362
46	371
47	75
47	169
47	314
47	337
47	374
47	392
47	393
48	126
48	141
48	170
48	173
48	212
48	233
48	277
48	389
49	80
49	210
49	223
49	243
49	298
49	330
49	346
49	386
50	219
50	227
50	300
50	308
50	326
50	352
50	378
50	386
51	181
51	253
51	295
51	331
51	350
51	387
51	388
51	397
52	220
52	240
52	242
52	264
52	324
52	358
52	374
52	399
53	186
53	348
53	360
53	372
53	376
53	388
53	398
53	400
54	10
54	190
54	301
54	340
54	352
54	369
54	370
54	377
55	150
55	206
55	208
55	260
55	365
55	392
55	395
55	399
56	38
56	70
56	239
56	300
56	306
56	328
56	353
56	371
57	35
57	107
57	172
57	215
57	275
57	373
57	380
57	400
58	43
58	171
58	253
58	323
58	377
58	378
58	388
58	396
59	185
59	190
59	201
59	246
59	308
59	325
59	375
59	397
60	78
60	292
60	298
60	334
60	347
60	366
60	375
60	377
61	67
61	255
61	277
61	314
61	336
61	359
61	374
61	375
62	84
62	165
62	182
62	265
62	339
62	371
62	376
62	391
63	16
63	122
63	182
63	209
63	221
63	293
63	303
63	337
64	27
64	31
64	185
64	194
64	265
64	306
64	310
64	380
65	30
65	74
65	163
65	208
65	251
65	309
65	333
65	353
66	144
66	156
66	184
66	266
66	291
66	345
66	365
66	391
67	22
67	61
67	82
67	169
67	187
67	232
67	276
67	384
68	101
68	199
68	241
68	282
68	327
68	356
68	388
68	394
69	223
69	250
69	317
69	320
69	323
69	351
69	373
69	385
70	56
70	86
70	179
70	197
70	267
70	317
70	361
70	396
71	11
71	151
71	255
71	310
71	372
71	376
71	388
71	400
72	9
72	46
72	87
72	255
72	333
72	334
72	350
72	389
73	107
73	192
73	203
73	274
73	300
73	313
73	381
73	388
74	65
74	119
74	174
74	182
74	313
74	323
74	346
74	394
75	24
75	47
75	142
75	213
75	324
75	366
75	381
75	395
76	18
76	94
76	324
76	347
76	355
76	360
76	363
76	381
77	32
77	136
77	236
77	296
77	351
77	377
77	383
77	397
78	60
78	107
78	157
78	294
78	308
78	337
78	346
78	390
79	162
79	186
79	192
79	255
79	257
79	260
79	381
79	387
80	49
80	102
80	166
80	269
80	293
80	347
80	366
80	370
81	118
81	136
81	164
81	182
81	350
81	352
81	382
81	399
82	44
82	67
82	87
82	189
82	253
82	256
82	277
82	315
83	108
83	109
83	252
83	283
83	289
83	362
83	363
83	390
84	62
84	202
84	327
84	341
84	343
84	356
84	364
84	372
85	1
85	4
85	17
85	99
85	163
85	170
85	391
85	393
86	37
86	70
86	314
86	343
86	379
86	392
86	393
86	400
87	72
87	82
87	291
87	298
87	305
87	345
87	376
87	377
88	165
88	174
88	267
88	272
88	292
88	297
88	381
88	386
89	133
89	276
89	324
89	330
89	340
89	347
89	366
89	370
90	99
90	277
90	322
90	324
90	366
90	368
90	377
90	382
91	137
91	217
91	285
91	294
91	350
91	375
91	393
91	394
92	40
92	155
92	193
92	209
92	226
92	274
92	295
92	383
93	108
93	172
93	182
93	268
93	271
93	274
93	308
93	332
94	76
94	207
94	213
94	273
94	284
94	310
94	375
94	396
95	4
95	5
95	44
95	96
95	97
95	348
95	372
95	397
96	95
96	183
96	262
96	347
96	366
96	380
96	383
96	395
97	95
97	172
97	199
97	263
97	331
97	339
97	343
97	372
98	7
98	299
98	349
98	351
98	352
98	353
98	377
98	379
99	85
99	90
99	110
99	167
99	272
99	374
99	391
99	394
100	182
100	252
100	262
100	277
100	292
100	335
100	347
100	356
101	68
101	196
101	224
101	230
101	289
101	362
101	380
101	383
102	80
102	103
102	135
102	171
102	215
102	260
102	292
102	371
103	102
103	240
103	247
103	312
103	336
103	344
103	352
103	393
104	105
104	107
104	110
104	154
104	316
104	326
104	376
104	382
105	104
105	150
105	194
105	257
105	365
105	394
105	395
105	399
106	151
106	266
106	306
106	324
106	330
106	343
106	353
106	389
107	57
107	73
107	78
107	104
107	164
107	212
107	225
107	357
108	83
108	93
108	147
108	158
108	261
108	285
108	365
108	387
109	1
109	16
109	83
109	191
109	325
109	341
109	343
109	386
110	14
110	23
110	99
110	104
110	129
110	162
110	237
110	315
111	123
111	194
111	297
111	316
111	332
111	358
111	378
111	382
111	396
112	270
112	284
112	297
112	327
112	331
112	337
112	363
112	371
112	399
113	33
113	117
113	175
113	286
113	297
113	356
113	384
113	390
113	396
114	309
114	336
114	349
114	352
114	354
114	365
114	377
114	389
114	393
115	147
115	194
115	210
115	216
115	222
115	262
115	312
115	315
115	356
116	214
116	288
116	312
116	344
116	360
116	368
116	385
116	386
116	400
117	113
117	124
117	203
117	206
117	249
117	268
117	276
117	332
117	375
118	81
118	132
118	193
118	249
118	267
118	296
118	318
118	337
118	360
119	24
119	74
119	197
119	215
119	276
119	277
119	347
119	372
119	378
120	141
120	150
120	236
120	239
120	290
120	293
120	331
120	332
120	387
121	38
121	129
121	191
121	197
121	207
121	344
121	394
121	397
121	398
122	3
122	7
122	63
122	172
122	264
122	269
122	318
122	320
122	384
123	111
123	169
123	178
123	281
123	286
123	310
123	323
123	336
123	400
124	37
124	117
124	129
124	144
124	294
124	329
124	340
124	353
124	396
125	143
125	177
125	187
125	227
125	258
125	273
125	344
125	369
125	388
126	45
126	48
126	146
126	222
126	229
126	311
126	326
126	341
126	400
127	215
127	245
127	272
127	277
127	324
127	328
127	372
127	373
127	398
128	130
128	220
128	297
128	312
128	322
128	341
128	364
128	382
128	392
129	110
129	121
129	124
129	296
129	351
129	371
129	377
129	379
129	391
130	128
130	212
130	266
130	320
130	321
130	324
130	326
130	338
130	382
131	197
131	253
131	266
131	302
131	321
131	342
131	372
131	382
131	390
132	18
132	118
132	161
132	231
132	256
132	379
132	381
132	388
132	397
133	9
133	89
133	180
133	192
133	227
133	252
133	349
133	363
133	372
134	143
134	197
134	236
134	238
134	301
134	309
134	367
134	395
134	396
135	102
135	141
135	153
135	196
135	207
135	261
135	321
135	355
135	373
136	77
136	81
136	143
136	179
136	317
136	344
136	361
136	375
136	398
137	91
137	146
137	275
137	279
137	285
137	288
137	359
137	370
137	393
138	25
138	32
138	163
138	236
138	311
138	315
138	379
138	384
138	392
139	263
139	269
139	317
139	338
139	376
139	382
139	384
139	392
139	400
140	13
140	43
140	225
140	254
140	271
140	282
140	320
140	354
140	370
141	9
141	48
141	120
141	135
141	161
141	181
141	251
141	299
141	400
142	27
142	75
142	225
142	289
142	311
142	364
142	368
142	373
142	397
143	125
143	134
143	136
143	186
143	270
143	302
143	329
143	340
143	395
144	66
144	124
144	196
144	242
144	340
144	365
144	381
144	394
144	399
145	198
145	204
145	233
145	239
145	247
145	275
145	302
145	317
145	357
146	11
146	126
146	137
146	222
146	254
146	271
146	294
146	395
146	397
146	399
147	108
147	115
147	156
147	213
147	253
147	300
147	356
147	363
147	381
147	386
148	46
148	262
148	273
148	339
148	353
148	367
148	369
148	380
148	388
148	392
149	194
149	250
149	284
149	303
149	342
149	353
149	360
149	369
149	370
149	397
150	17
150	55
150	105
150	120
150	212
150	246
150	281
150	371
150	374
150	395
151	71
151	106
151	247
151	300
151	321
151	322
151	346
151	369
151	378
151	389
152	247
152	264
152	275
152	306
152	308
152	334
152	363
152	373
152	385
152	395
153	135
153	177
153	208
153	224
153	276
153	298
153	352
153	387
153	391
153	398
154	104
154	274
154	329
154	348
154	358
154	359
154	367
154	383
154	385
154	395
155	4
155	92
155	185
155	235
155	264
155	291
155	314
155	317
155	339
155	379
156	2
156	66
156	147
156	160
156	206
156	216
156	302
156	364
156	391
156	397
157	37
157	78
157	168
157	226
157	351
157	355
157	371
157	372
157	376
157	386
158	41
158	108
158	267
158	278
158	314
158	358
158	381
158	386
158	393
158	398
159	177
159	205
159	236
159	305
159	321
159	357
159	360
159	370
159	395
159	397
160	44
160	156
160	223
160	303
160	313
160	345
160	368
160	376
160	391
160	395
161	132
161	141
161	247
161	274
161	279
161	316
161	362
161	375
161	379
161	387
162	79
162	110
162	175
162	228
162	261
162	287
162	329
162	336
162	340
162	380
163	65
163	85
163	138
163	272
163	295
163	352
163	354
163	377
163	379
163	398
164	43
164	81
164	107
164	240
164	247
164	282
164	347
164	364
164	389
164	390
165	62
165	88
165	243
165	250
165	305
165	331
165	354
165	357
165	361
165	377
166	80
166	184
166	188
166	212
166	218
166	287
166	382
166	388
166	398
166	400
167	4
167	99
167	307
167	312
167	329
167	344
167	355
167	363
167	389
167	394
168	157
168	192
168	201
168	245
168	260
168	263
168	264
168	302
168	382
168	390
169	47
169	67
169	123
169	198
169	251
169	302
169	328
169	350
169	364
169	380
170	29
170	48
170	85
170	241
170	306
170	323
170	346
170	373
170	383
170	396
171	12
171	58
171	102
171	271
171	299
171	353
171	362
171	388
171	395
171	396
172	43
172	57
172	93
172	97
172	122
172	176
172	238
172	240
172	310
172	350
173	48
173	223
173	255
173	292
173	313
173	337
173	342
173	359
173	384
173	385
174	33
174	74
174	88
174	185
174	331
174	333
174	339
174	386
174	390
174	400
175	34
175	113
175	162
175	234
175	307
175	328
175	359
175	367
175	378
175	395
176	172
176	227
176	244
176	276
176	286
176	322
176	338
176	350
176	351
176	364
177	10
177	125
177	153
177	159
177	206
177	287
177	328
177	377
177	380
177	389
178	123
178	204
178	295
178	327
178	333
178	341
178	347
178	374
178	386
178	392
179	70
179	136
179	321
179	343
179	351
179	361
179	371
179	373
179	382
179	398
180	133
180	314
180	325
180	350
180	353
180	358
180	360
180	368
180	394
180	399
181	8
181	51
181	141
181	193
181	259
181	274
181	334
181	352
181	369
181	370
182	62
182	63
182	74
182	81
182	93
182	100
182	252
182	259
182	316
182	369
183	96
183	207
183	229
183	267
183	336
183	347
183	366
183	385
183	393
183	399
184	23
184	66
184	166
184	228
184	333
184	362
184	371
184	372
184	385
184	398
185	59
185	64
185	155
185	174
185	245
185	291
185	359
185	365
185	371
185	395
186	21
186	26
186	53
186	79
186	143
186	249
186	274
186	313
186	342
186	369
187	67
187	125
187	256
187	259
187	330
187	341
187	360
187	362
187	396
187	397
187	398
188	166
188	197
188	254
188	272
188	305
188	329
188	336
188	341
188	370
188	380
188	397
189	82
189	267
189	284
189	298
189	308
189	343
189	371
189	386
189	391
189	392
189	400
190	54
190	59
190	221
190	257
190	266
190	277
190	292
190	314
190	355
190	378
190	381
191	109
191	121
191	216
191	251
191	301
191	304
191	325
191	361
191	364
191	368
191	373
192	73
192	79
192	133
192	168
192	274
192	353
192	376
192	380
192	388
192	394
192	397
193	92
193	118
193	181
193	202
193	228
193	330
193	332
193	339
193	382
193	386
193	389
194	64
194	105
194	111
194	115
194	149
194	278
194	301
194	348
194	349
194	382
194	388
195	204
195	282
195	304
195	313
195	339
195	344
195	350
195	361
195	378
195	384
195	393
196	45
196	101
196	135
196	144
196	240
196	250
196	308
196	348
196	355
196	358
196	389
197	70
197	119
197	121
197	131
197	134
197	188
197	287
197	314
197	337
197	359
197	376
198	41
198	145
198	169
198	203
198	250
198	254
198	276
198	290
198	323
198	390
198	393
199	2
199	32
199	68
199	97
199	200
199	301
199	330
199	335
199	352
199	360
199	379
200	199
200	257
200	296
200	305
200	315
200	333
200	352
200	369
200	378
200	379
200	392
201	59
201	168
201	217
201	220
201	245
201	269
201	277
201	286
201	360
201	378
201	390
202	34
202	84
202	193
202	236
202	293
202	328
202	335
202	343
202	344
202	384
202	388
203	43
203	73
203	117
203	198
203	258
203	334
203	349
203	361
203	368
203	372
203	399
204	145
204	178
204	195
204	210
204	232
204	269
204	285
204	288
204	303
204	325
204	369
205	159
205	241
205	284
205	300
205	304
205	323
205	334
205	356
205	358
205	369
205	395
206	55
206	117
206	156
206	177
206	228
206	241
206	304
206	305
206	318
206	344
206	399
207	94
207	121
207	135
207	183
207	213
207	255
207	262
207	266
207	325
207	330
207	367
208	55
208	65
208	153
208	243
208	266
208	279
208	328
208	351
208	359
208	371
208	396
209	35
209	63
209	92
209	258
209	284
209	293
209	295
209	328
209	371
209	386
209	400
210	8
210	49
210	115
210	204
210	218
210	250
210	262
210	312
210	325
210	371
210	387
211	233
211	248
211	305
211	318
211	319
211	321
211	339
211	355
211	367
211	385
211	396
212	29
212	48
212	107
212	130
212	150
212	166
212	248
212	272
212	319
212	364
212	378
212	397
213	75
213	94
213	147
213	207
213	216
213	226
213	284
213	294
213	328
213	330
213	351
213	389
214	3
214	17
214	116
214	242
214	310
214	312
214	327
214	341
214	372
214	380
214	387
214	388
215	57
215	102
215	119
215	127
215	251
215	267
215	297
215	306
215	381
215	382
215	390
215	394
216	25
216	115
216	156
216	191
216	213
216	320
216	328
216	338
216	357
216	373
216	377
216	400
217	91
217	201
217	234
217	258
217	342
217	348
217	362
217	363
217	369
217	371
217	384
217	387
218	166
218	210
218	240
218	259
218	280
218	288
218	321
218	340
218	373
218	387
218	395
218	399
219	7
219	50
219	222
219	231
219	259
219	301
219	328
219	339
219	343
219	374
219	392
219	397
220	52
220	128
220	201
220	235
220	279
220	342
220	359
220	368
220	379
220	387
220	389
220	390
221	63
221	190
221	243
221	247
221	295
221	322
221	328
221	347
221	361
221	387
221	395
221	398
222	24
222	115
222	126
222	146
222	219
222	239
222	273
222	293
222	338
222	369
222	376
222	392
223	49
223	69
223	160
223	173
223	230
223	241
223	264
223	292
223	303
223	338
223	361
223	378
224	101
224	153
224	238
224	263
224	266
224	269
224	338
224	345
224	358
224	373
224	378
224	391
225	3
225	107
225	140
225	142
225	235
225	261
225	320
225	342
225	368
225	370
225	373
225	392
226	11
226	92
226	157
226	213
226	343
226	347
226	364
226	382
226	384
226	390
226	393
226	400
227	3
227	50
227	125
227	133
227	176
227	232
227	244
227	250
227	308
227	353
227	361
227	386
228	16
228	162
228	184
228	193
228	206
228	265
228	272
228	316
228	335
228	341
228	364
228	371
229	44
229	126
229	183
229	256
229	303
229	318
229	347
229	352
229	357
229	370
229	384
229	390
230	5
230	17
230	23
230	101
230	223
230	255
230	281
230	310
230	341
230	345
230	376
230	381
230	382
231	18
231	132
231	219
231	270
231	283
231	288
231	295
231	319
231	330
231	381
231	385
231	397
231	399
232	26
232	67
232	204
232	227
232	241
232	270
232	306
232	317
232	335
232	349
232	371
232	376
232	400
233	48
233	145
233	211
233	261
233	266
233	280
233	303
233	346
233	362
233	367
233	379
233	396
233	399
234	31
234	175
234	217
234	286
234	290
234	302
234	316
234	337
234	345
234	363
234	365
234	380
234	387
235	155
235	220
235	225
235	258
235	306
235	310
235	341
235	346
235	348
235	349
235	354
235	383
235	397
236	13
236	77
236	120
236	134
236	138
236	159
236	202
236	319
236	342
236	360
236	370
236	378
236	396
237	42
237	110
237	253
237	297
237	301
237	352
237	358
237	365
237	370
237	377
237	383
237	384
237	391
238	134
238	172
238	224
238	274
238	289
238	315
238	332
238	341
238	358
238	359
238	385
238	393
238	394
239	27
239	56
239	120
239	145
239	222
239	279
239	292
239	331
239	340
239	347
239	357
239	359
239	375
240	52
240	103
240	164
240	172
240	196
240	218
240	249
240	268
240	342
240	390
240	394
240	395
240	399
241	68
241	170
241	205
241	206
241	223
241	232
241	262
241	302
241	318
241	324
241	358
241	372
241	391
242	12
242	52
242	144
242	214
242	269
242	275
242	291
242	299
242	323
242	333
242	349
242	368
242	375
243	4
243	30
243	49
243	165
243	208
243	221
243	320
243	338
243	343
243	386
243	389
243	398
243	399
244	25
244	176
244	227
244	250
244	263
244	267
244	357
244	364
244	387
244	390
244	391
244	397
244	398
245	127
245	168
245	185
245	201
245	285
245	291
245	301
245	341
245	355
245	370
245	373
245	381
245	384
246	21
246	59
246	150
246	268
246	314
246	334
246	368
246	382
246	385
246	390
246	393
246	394
246	400
247	103
247	145
247	151
247	152
247	161
247	164
247	221
247	264
247	300
247	340
247	350
247	392
247	395
247	399
248	35
248	211
248	212
248	286
248	289
248	295
248	318
248	319
248	345
248	350
248	356
248	378
248	384
248	390
249	117
249	118
249	186
249	240
249	286
249	306
249	318
249	350
249	353
249	362
249	375
249	385
249	390
249	396
250	69
250	149
250	165
250	196
250	198
250	210
250	227
250	244
250	258
250	265
250	270
250	289
250	361
250	387
251	42
251	65
251	141
251	169
251	191
251	215
251	278
251	326
251	333
251	353
251	378
251	380
251	385
251	397
252	83
252	100
252	133
252	182
252	258
252	300
252	331
252	355
252	357
252	363
252	368
252	387
252	394
252	399
253	30
253	44
253	51
253	58
253	82
253	131
253	147
253	237
253	301
253	361
253	372
253	377
253	379
253	391
254	10
254	140
254	146
254	188
254	198
254	281
254	309
254	322
254	365
254	373
254	374
254	386
254	396
254	399
255	61
255	71
255	72
255	79
255	173
255	207
255	230
255	289
255	358
255	368
255	393
255	394
255	397
255	398
256	82
256	132
256	187
256	229
256	283
256	293
256	296
256	311
256	314
256	332
256	341
256	342
256	374
256	388
257	18
257	79
257	105
257	190
257	200
257	260
257	290
257	324
257	347
257	363
257	368
257	381
257	394
257	397
258	40
258	125
258	203
258	209
258	217
258	235
258	250
258	252
258	269
258	275
258	316
258	353
258	363
258	369
259	181
259	182
259	187
259	218
259	219
259	307
259	314
259	326
259	343
259	344
259	374
259	376
259	389
259	392
259	394
260	11
260	55
260	79
260	102
260	168
260	257
260	278
260	335
260	337
260	354
260	366
260	381
260	390
260	396
260	400
261	108
261	135
261	162
261	225
261	233
261	292
261	329
261	338
261	354
261	362
261	365
261	377
261	383
261	394
261	396
262	38
262	96
262	100
262	115
262	148
262	207
262	210
262	241
262	300
262	321
262	349
262	351
262	373
262	381
262	391
263	14
263	29
263	97
263	139
263	168
263	224
263	244
263	266
263	305
263	312
263	338
263	355
263	356
263	395
263	400
264	22
264	52
264	122
264	152
264	155
264	168
264	223
264	247
264	280
264	314
264	357
264	365
264	397
264	399
264	400
265	62
265	64
265	228
265	250
265	268
265	283
265	308
265	320
265	322
265	335
265	342
265	348
265	358
265	384
265	394
266	12
266	66
266	106
266	130
266	131
266	190
266	207
266	208
266	224
266	233
266	263
266	329
266	356
266	376
266	389
267	70
267	88
267	118
267	158
267	183
267	189
267	215
267	244
267	292
267	297
267	366
267	381
267	389
267	392
267	393
268	13
268	93
268	117
268	240
268	246
268	265
268	275
268	281
268	290
268	298
268	335
268	379
268	390
268	395
268	399
269	80
269	122
269	139
269	201
269	204
269	224
269	242
269	258
269	283
269	318
269	330
269	336
269	339
269	356
269	400
270	112
270	143
270	231
270	232
270	250
270	273
270	279
270	291
270	301
270	316
270	338
270	363
270	387
270	394
270	400
271	6
271	93
271	140
271	146
271	171
271	293
271	325
271	334
271	336
271	347
271	348
271	362
271	368
271	397
271	398
272	14
272	23
272	36
272	88
272	99
272	127
272	163
272	188
272	212
272	228
272	317
272	330
272	371
272	384
272	399
273	94
273	125
273	148
273	222
273	270
273	298
273	314
273	315
273	316
273	331
273	363
273	378
273	385
273	387
273	399
274	73
274	92
274	93
274	154
274	161
274	181
274	186
274	192
274	238
274	279
274	314
274	353
274	364
274	369
274	383
274	387
275	57
275	137
275	145
275	152
275	242
275	258
275	268
275	298
275	311
275	325
275	350
275	365
275	385
275	391
275	395
275	399
276	16
276	28
276	34
276	67
276	89
276	117
276	119
276	153
276	176
276	198
276	304
276	311
276	380
276	382
276	392
276	400
277	48
277	61
277	82
277	90
277	100
277	119
277	127
277	190
277	201
277	319
277	327
277	361
277	372
277	375
277	381
277	393
278	158
278	194
278	251
278	260
278	295
278	303
278	306
278	343
278	344
278	346
278	347
278	358
278	359
278	367
278	379
278	398
279	43
279	137
279	161
279	208
279	220
279	239
279	270
279	274
279	310
279	322
279	328
279	345
279	364
279	373
279	378
279	382
280	13
280	218
280	233
280	264
280	288
280	296
280	297
280	307
280	317
280	325
280	335
280	367
280	369
280	378
280	396
280	398
281	123
281	150
281	230
281	254
281	268
281	286
281	294
281	296
281	309
281	326
281	370
281	379
281	386
281	387
281	388
281	395
282	10
282	30
282	68
282	140
282	164
282	195
282	306
282	318
282	338
282	345
282	350
282	360
282	368
282	373
282	385
282	393
283	83
283	231
283	256
283	265
283	269
283	335
283	344
283	376
283	382
283	384
283	385
283	386
283	392
283	394
283	398
283	400
284	40
284	94
284	112
284	149
284	189
284	205
284	209
284	213
284	317
284	321
284	354
284	384
284	387
284	388
284	393
284	400
285	1
285	20
285	32
285	91
285	108
285	137
285	204
285	245
285	305
285	315
285	320
285	359
285	360
285	366
285	370
285	376
286	113
286	123
286	176
286	201
286	234
286	248
286	249
286	281
286	292
286	319
286	349
286	378
286	387
286	388
286	391
286	396
287	162
287	166
287	177
287	197
287	309
287	326
287	339
287	342
287	346
287	351
287	368
287	372
287	373
287	375
287	378
287	399
288	116
288	137
288	204
288	218
288	231
288	280
288	290
288	305
288	317
288	325
288	346
288	371
288	373
288	384
288	392
288	394
288	400
289	4
289	27
289	83
289	101
289	142
289	238
289	248
289	250
289	255
289	299
289	302
289	322
289	329
289	342
289	354
289	361
289	389
290	120
290	198
290	234
290	257
290	268
290	288
290	294
290	316
290	331
290	356
290	363
290	369
290	384
290	387
290	389
290	391
290	398
291	66
291	87
291	155
291	185
291	242
291	245
291	270
291	303
291	315
291	317
291	332
291	342
291	353
291	360
291	370
291	373
291	390
292	60
292	88
292	100
292	102
292	173
292	190
292	223
292	239
292	261
292	267
292	286
292	326
292	330
292	366
292	372
292	386
292	395
293	63
293	80
293	120
293	202
293	209
293	222
293	256
293	271
293	304
293	339
293	343
293	369
293	372
293	374
293	384
293	391
293	392
294	6
294	20
294	78
294	91
294	124
294	146
294	213
294	281
294	290
294	323
294	335
294	363
294	365
294	374
294	391
294	394
294	399
295	26
295	51
295	92
295	163
295	178
295	209
295	221
295	231
295	248
295	278
295	306
295	334
295	349
295	365
295	384
295	397
295	398
296	36
296	77
296	118
296	129
296	200
296	256
296	280
296	281
296	313
296	331
296	347
296	350
296	352
296	357
296	377
296	379
296	391
297	8
297	36
297	88
297	111
297	112
297	113
297	128
297	215
297	237
297	267
297	280
297	316
297	342
297	354
297	367
297	386
297	396
298	15
298	20
298	49
298	60
298	87
298	153
298	189
298	268
298	273
298	275
298	306
298	309
298	361
298	362
298	365
298	395
298	399
299	27
299	31
299	98
299	141
299	171
299	242
299	289
299	310
299	319
299	333
299	334
299	335
299	340
299	348
299	371
299	372
299	383
299	393
300	50
300	56
300	73
300	147
300	151
300	205
300	247
300	252
300	262
300	317
300	320
300	321
300	326
300	329
300	337
300	388
300	389
300	391
301	54
301	134
301	191
301	194
301	199
301	219
301	237
301	245
301	253
301	270
301	316
301	321
301	332
301	343
301	352
301	377
301	379
301	386
302	22
302	26
302	131
302	143
302	145
302	156
302	168
302	169
302	234
302	241
302	289
302	308
302	322
302	364
302	373
302	390
302	393
302	400
303	63
303	149
303	160
303	204
303	223
303	229
303	233
303	278
303	291
303	306
303	324
303	331
303	342
303	354
303	374
303	383
303	391
303	397
304	20
304	25
304	45
304	191
304	195
304	205
304	206
304	276
304	293
304	311
304	327
304	341
304	350
304	357
304	374
304	377
304	383
304	392
305	22
305	87
305	159
305	165
305	188
305	200
305	206
305	211
305	263
305	285
305	288
305	337
305	355
305	356
305	372
305	389
305	391
305	396
306	2
306	56
306	64
306	106
306	152
306	170
306	215
306	232
306	235
306	249
306	278
306	282
306	295
306	298
306	303
306	313
306	334
306	363
307	8
307	31
307	167
307	175
307	259
307	280
307	313
307	323
307	329
307	333
307	349
307	352
307	367
307	369
307	374
307	378
307	387
307	396
308	50
308	59
308	78
308	93
308	152
308	189
308	196
308	227
308	265
308	302
308	310
308	332
308	339
308	341
308	343
308	358
308	378
308	384
309	20
309	65
309	114
309	134
309	254
309	281
309	287
309	298
309	340
309	344
309	365
309	369
309	373
309	374
309	380
309	381
309	389
309	395
310	64
310	71
310	94
310	123
310	172
310	214
310	230
310	235
310	279
310	299
310	308
310	342
310	345
310	349
310	353
310	362
310	371
310	376
311	15
311	126
311	138
311	142
311	256
311	275
311	276
311	304
311	321
311	327
311	336
311	357
311	372
311	374
311	376
311	392
311	393
311	394
312	6
312	9
312	41
312	103
312	115
312	116
312	128
312	167
312	210
312	214
312	263
312	324
312	338
312	355
312	356
312	363
312	370
312	389
312	391
313	32
313	73
313	74
313	160
313	173
313	186
313	195
313	296
313	306
313	307
313	318
313	344
313	350
313	351
313	354
313	355
313	358
313	368
313	388
313	396
314	47
314	61
314	86
314	155
314	158
314	180
314	190
314	197
314	246
314	256
314	259
314	264
314	273
314	274
314	319
314	327
314	329
314	374
314	380
314	392
315	5
315	6
315	7
315	82
315	110
315	115
315	138
315	200
315	238
315	273
315	285
315	291
315	316
315	324
315	329
315	330
315	353
315	365
315	377
315	379
316	104
316	111
316	161
316	182
316	228
316	234
316	258
316	270
316	273
316	290
316	297
316	301
316	315
316	337
316	351
316	357
316	363
316	377
316	394
316	395
317	39
317	69
317	70
317	136
317	139
317	145
317	155
317	232
317	272
317	280
317	284
317	288
317	291
317	300
317	333
317	335
317	354
317	359
317	371
317	392
318	118
318	122
318	206
318	211
318	229
318	241
318	248
318	249
318	269
318	282
318	313
318	327
318	337
318	345
318	349
318	376
318	390
318	392
318	393
318	394
319	211
319	212
319	231
319	236
319	248
319	277
319	286
319	299
319	314
319	323
319	334
319	345
319	352
319	367
319	374
319	378
319	379
319	387
319	388
319	394
320	28
320	36
320	69
320	122
320	130
320	140
320	216
320	225
320	243
320	265
320	285
320	300
320	323
320	337
320	346
320	360
320	368
320	370
320	389
320	390
320	398
321	130
321	131
321	135
321	151
321	159
321	179
321	211
321	218
321	262
321	284
321	300
321	301
321	311
321	322
321	343
321	355
321	373
321	389
321	390
321	391
321	396
322	3
322	34
322	90
322	128
322	151
322	176
322	221
322	254
322	265
322	279
322	289
322	302
322	321
322	351
322	357
322	364
322	369
322	396
322	397
322	399
322	400
323	8
323	58
323	69
323	74
323	123
323	170
323	198
323	205
323	242
323	294
323	307
323	319
323	320
323	362
323	367
323	378
323	383
323	387
323	394
323	396
323	400
324	39
324	42
324	52
324	75
324	76
324	89
324	90
324	106
324	127
324	130
324	241
324	257
324	303
324	312
324	315
324	345
324	360
324	366
324	379
324	386
324	395
325	38
325	59
325	109
325	180
325	191
325	204
325	207
325	210
325	271
325	275
325	280
325	288
325	335
325	341
325	345
325	348
325	361
325	384
325	388
325	393
325	400
326	50
326	104
326	126
326	130
326	251
326	259
326	281
326	287
326	292
326	300
326	354
326	355
326	362
326	370
326	385
326	389
326	393
326	394
326	395
326	397
326	398
327	12
327	46
327	68
327	84
327	112
327	178
327	214
327	277
327	304
327	311
327	314
327	318
327	343
327	350
327	374
327	376
327	381
327	383
327	385
327	392
327	394
328	26
328	56
328	127
328	169
328	175
328	177
328	202
328	208
328	209
328	213
328	216
328	219
328	221
328	279
328	339
328	340
328	351
328	355
328	356
328	357
328	366
328	394
329	11
329	124
329	143
329	154
329	162
329	167
329	188
329	261
329	266
329	289
329	300
329	307
329	314
329	315
329	332
329	352
329	356
329	362
329	380
329	394
329	397
329	398
330	15
330	18
330	37
330	42
330	49
330	89
330	106
330	187
330	193
330	199
330	207
330	213
330	231
330	269
330	272
330	292
330	315
330	346
330	384
330	388
330	389
330	400
331	17
331	35
331	51
331	97
331	112
331	120
331	165
331	174
331	239
331	252
331	273
331	290
331	296
331	303
331	346
331	363
331	369
331	381
331	383
331	387
331	390
331	400
332	18
332	93
332	111
332	117
332	120
332	193
332	238
332	256
332	291
332	301
332	308
332	329
332	335
332	336
332	340
332	365
332	375
332	381
332	383
332	388
332	389
332	398
333	65
333	72
333	174
333	178
333	184
333	200
333	242
333	251
333	299
333	307
333	317
333	348
333	352
333	355
333	366
333	370
333	372
333	380
333	386
333	388
333	395
333	399
334	30
334	60
334	72
334	152
334	181
334	203
334	205
334	246
334	271
334	295
334	299
334	306
334	319
334	346
334	352
334	365
334	368
334	375
334	378
334	383
334	384
334	385
334	400
335	7
335	19
335	29
335	100
335	199
335	202
335	228
335	232
335	260
335	265
335	268
335	280
335	283
335	294
335	299
335	317
335	325
335	332
335	348
335	368
335	384
335	386
335	398
336	61
336	103
336	114
336	123
336	162
336	183
336	188
336	269
336	271
336	311
336	332
336	342
336	345
336	350
336	351
336	366
336	367
336	368
336	375
336	382
336	384
336	385
336	396
337	47
337	63
337	78
337	112
337	118
337	173
337	197
337	234
337	260
337	300
337	305
337	316
337	318
337	320
337	340
337	345
337	357
337	359
337	360
337	362
337	380
337	383
337	398
338	17
338	130
338	139
338	176
338	216
338	222
338	223
338	224
338	243
338	261
338	263
338	270
338	282
338	312
338	344
338	345
338	359
338	366
338	372
338	376
338	382
338	383
338	390
339	3
339	16
339	31
339	62
339	97
339	148
339	155
339	174
339	193
339	195
339	211
339	219
339	269
339	287
339	293
339	308
339	328
339	369
339	382
339	386
339	391
339	395
339	400
340	10
340	54
340	89
340	124
340	143
340	144
340	162
340	218
340	239
340	247
340	299
340	309
340	328
340	332
340	337
340	348
340	349
340	355
340	365
340	391
340	395
340	397
340	399
341	45
341	84
341	109
341	126
341	128
341	178
341	187
341	188
341	214
341	228
341	230
341	235
341	238
341	245
341	256
341	304
341	308
341	325
341	343
341	358
341	373
341	392
341	398
341	400
342	21
342	131
342	149
342	173
342	186
342	217
342	220
342	225
342	236
342	240
342	256
342	265
342	287
342	289
342	291
342	297
342	303
342	310
342	336
342	360
342	371
342	376
342	387
342	390
343	84
343	86
343	97
343	106
343	109
343	179
343	189
343	202
343	219
343	226
343	243
343	259
343	278
343	293
343	301
343	308
343	321
343	327
343	341
343	359
343	362
343	375
343	392
343	394
344	103
344	116
344	121
344	125
344	136
344	167
344	195
344	202
344	206
344	259
344	278
344	283
344	309
344	313
344	338
344	346
344	356
344	358
344	362
344	366
344	367
344	374
344	375
344	376
344	386
345	66
345	87
345	160
345	224
345	230
345	234
345	248
345	279
345	282
345	310
345	318
345	319
345	324
345	325
345	336
345	337
345	338
345	349
345	359
345	364
345	372
345	380
345	382
345	390
345	396
346	49
346	74
346	78
346	151
346	170
346	233
346	235
346	278
346	287
346	288
346	320
346	330
346	331
346	334
346	344
346	348
346	361
346	363
346	378
346	379
346	383
346	385
346	388
346	394
346	397
346	398
347	39
347	60
347	76
347	80
347	89
347	96
347	100
347	119
347	164
347	178
347	183
347	221
347	226
347	229
347	239
347	257
347	271
347	278
347	296
347	349
347	354
347	362
347	381
347	383
347	387
347	399
348	33
348	36
348	53
348	95
348	154
348	194
348	196
348	217
348	235
348	265
348	271
348	299
348	325
348	333
348	335
348	340
348	346
348	350
348	353
348	366
348	372
348	374
348	376
348	380
348	388
348	396
349	33
349	35
349	42
349	43
349	98
349	114
349	133
349	194
349	203
349	232
349	235
349	242
349	262
349	286
349	295
349	307
349	310
349	318
349	340
349	345
349	347
349	363
349	369
349	372
349	380
349	396
350	20
350	51
350	72
350	81
350	91
350	169
350	172
350	176
350	180
350	195
350	247
350	248
350	249
350	275
350	282
350	296
350	304
350	313
350	327
350	336
350	348
350	383
350	393
350	396
350	397
350	398
351	30
351	41
351	69
351	77
351	98
351	129
351	157
351	176
351	179
351	208
351	213
351	262
351	287
351	313
351	316
351	322
351	328
351	336
351	353
351	358
351	361
351	367
351	373
351	393
351	397
351	400
352	7
352	24
352	46
352	50
352	54
352	81
352	98
352	103
352	114
352	153
352	163
352	181
352	199
352	200
352	229
352	237
352	296
352	301
352	307
352	319
352	329
352	333
352	334
352	367
352	377
352	379
352	398
353	18
353	39
353	45
353	56
353	65
353	98
353	106
353	124
353	148
353	149
353	171
353	180
353	192
353	227
353	249
353	251
353	258
353	274
353	291
353	310
353	315
353	348
353	351
353	372
353	378
353	380
353	388
354	2
354	10
354	28
354	114
354	140
354	163
354	165
354	235
354	260
354	261
354	284
354	289
354	297
354	303
354	313
354	317
354	326
354	347
354	362
354	364
354	367
354	372
354	379
354	383
354	393
354	394
354	397
355	14
355	76
355	135
355	157
355	167
355	190
355	196
355	211
355	245
355	252
355	263
355	305
355	312
355	313
355	321
355	326
355	328
355	333
355	340
355	356
355	367
355	372
355	375
355	389
355	390
355	391
355	395
356	5
356	68
356	84
356	100
356	113
356	115
356	147
356	205
356	248
356	263
356	266
356	269
356	290
356	305
356	312
356	328
356	329
356	344
356	355
356	357
356	359
356	377
356	381
356	389
356	391
356	393
356	398
357	1
357	21
357	41
357	107
357	145
357	159
357	165
357	216
357	229
357	239
357	244
357	252
357	264
357	296
357	304
357	311
357	316
357	322
357	328
357	337
357	356
357	361
357	362
357	364
357	373
357	381
357	389
358	5
358	52
358	111
358	154
358	158
358	180
358	196
358	205
358	224
358	237
358	238
358	241
358	255
358	265
358	278
358	308
358	313
358	341
358	344
358	351
358	370
358	374
358	375
358	381
358	384
358	389
358	393
358	398
359	15
359	27
359	61
359	137
359	154
359	173
359	175
359	185
359	197
359	208
359	220
359	238
359	239
359	278
359	285
359	317
359	337
359	338
359	343
359	345
359	356
359	370
359	375
359	376
359	382
359	385
359	388
359	398
360	2
360	53
360	76
360	116
360	118
360	149
360	159
360	180
360	187
360	199
360	201
360	236
360	282
360	285
360	291
360	320
360	324
360	337
360	342
360	367
360	370
360	373
360	375
360	376
360	381
360	395
360	397
360	400
361	28
361	32
361	70
361	136
361	165
361	179
361	191
361	195
361	203
361	221
361	223
361	227
361	250
361	253
361	277
361	289
361	298
361	325
361	346
361	351
361	357
361	364
361	371
361	373
361	377
361	383
361	399
361	400
362	46
362	83
362	101
362	161
362	171
362	184
362	187
362	217
362	233
362	249
362	261
362	271
362	298
362	310
362	323
362	326
362	329
362	337
362	343
362	344
362	347
362	354
362	357
362	365
362	383
362	389
362	394
362	398
363	76
363	83
363	112
363	133
363	147
363	152
363	167
363	217
363	234
363	252
363	257
363	258
363	270
363	273
363	290
363	294
363	306
363	312
363	316
363	331
363	346
363	349
363	365
363	366
363	369
363	379
363	386
363	393
364	30
364	84
364	128
364	142
364	156
364	164
364	169
364	176
364	191
364	212
364	226
364	228
364	244
364	274
364	279
364	302
364	322
364	345
364	354
364	357
364	361
364	369
364	373
364	379
364	385
364	390
364	391
364	392
364	399
365	55
365	66
365	105
365	108
365	114
365	144
365	185
365	234
365	237
365	254
365	261
365	264
365	275
365	294
365	295
365	298
365	309
365	315
365	332
365	334
365	340
365	362
365	363
365	380
365	385
365	393
365	395
365	397
365	399
366	11
366	37
366	60
366	75
366	80
366	89
366	90
366	96
366	183
366	260
366	267
366	285
366	292
366	324
366	328
366	333
366	336
366	338
366	344
366	348
366	363
366	369
366	375
366	380
366	382
366	385
366	386
366	389
366	390
366	391
367	15
367	37
367	39
367	134
367	148
367	154
367	175
367	207
367	211
367	233
367	278
367	280
367	297
367	307
367	319
367	323
367	336
367	344
367	351
367	352
367	354
367	355
367	360
367	378
367	390
367	391
367	393
367	396
367	399
367	400
368	13
368	33
368	90
368	116
368	142
368	160
368	180
368	191
368	203
368	220
368	225
368	242
368	246
368	252
368	255
368	257
368	271
368	282
368	287
368	313
368	320
368	334
368	335
368	336
368	370
368	383
368	392
368	393
368	394
368	397
369	28
369	54
369	125
369	148
369	149
369	151
369	181
369	182
369	186
369	200
369	204
369	205
369	217
369	222
369	258
369	274
369	280
369	290
369	293
369	307
369	309
369	322
369	331
369	339
369	349
369	363
369	364
369	366
369	374
369	387
369	396
370	1
370	54
370	80
370	89
370	137
370	140
370	149
370	159
370	181
370	188
370	225
370	229
370	236
370	237
370	245
370	281
370	285
370	291
370	312
370	320
370	326
370	333
370	358
370	359
370	360
370	368
370	378
370	382
370	387
370	388
370	390
370	399
371	40
371	46
371	56
371	62
371	102
371	112
371	129
371	150
371	157
371	179
371	184
371	185
371	189
371	208
371	209
371	210
371	217
371	228
371	232
371	272
371	288
371	299
371	310
371	317
371	342
371	361
371	385
371	386
371	389
371	392
371	396
371	398
372	29
372	53
372	71
372	84
372	95
372	97
372	119
372	127
372	131
372	133
372	157
372	184
372	203
372	214
372	241
372	253
372	277
372	287
372	292
372	293
372	299
372	305
372	311
372	333
372	338
372	345
372	348
372	349
372	353
372	354
372	355
372	381
372	388
373	4
373	25
373	57
373	69
373	127
373	135
373	142
373	152
373	170
373	179
373	191
373	216
373	218
373	224
373	225
373	245
373	254
373	262
373	279
373	282
373	287
373	288
373	291
373	302
373	309
373	321
373	341
373	351
373	357
373	360
373	361
373	364
373	374
374	16
374	22
374	47
374	52
374	61
374	99
374	150
374	178
374	219
374	254
374	256
374	259
374	293
374	294
374	303
374	304
374	307
374	309
374	311
374	314
374	319
374	327
374	344
374	348
374	358
374	369
374	373
374	376
374	385
374	388
374	392
374	393
374	395
375	2
375	13
375	25
375	29
375	35
375	59
375	60
375	61
375	91
375	94
375	117
375	136
375	161
375	239
375	242
375	249
375	277
375	287
375	332
375	334
375	336
375	343
375	344
375	355
375	358
375	359
375	360
375	366
375	377
375	385
375	386
375	387
375	393
375	394
376	23
376	53
376	62
376	71
376	87
376	104
376	139
376	157
376	160
376	192
376	197
376	222
376	230
376	232
376	259
376	266
376	283
376	285
376	310
376	311
376	318
376	327
376	338
376	342
376	344
376	348
376	359
376	360
376	374
376	382
376	384
376	395
376	396
376	399
377	2
377	5
377	36
377	44
377	45
377	54
377	58
377	60
377	77
377	87
377	90
377	98
377	114
377	129
377	163
377	165
377	177
377	216
377	237
377	253
377	261
377	296
377	301
377	304
377	315
377	316
377	352
377	356
377	361
377	375
377	379
377	380
377	383
377	392
378	15
378	19
378	50
378	58
378	111
378	119
378	151
378	175
378	190
378	195
378	200
378	201
378	212
378	223
378	224
378	236
378	248
378	251
378	273
378	279
378	280
378	286
378	287
378	307
378	308
378	319
378	323
378	334
378	346
378	353
378	367
378	370
378	396
378	398
379	5
379	12
379	36
379	86
379	98
379	129
379	132
379	138
379	155
379	161
379	163
379	199
379	200
379	220
379	233
379	253
379	268
379	278
379	281
379	296
379	301
379	315
379	319
379	324
379	346
379	352
379	354
379	363
379	364
379	377
379	382
379	383
379	390
379	397
379	398
380	12
380	31
380	42
380	57
380	64
380	96
380	101
380	148
380	162
380	169
380	177
380	188
380	192
380	214
380	234
380	251
380	276
380	309
380	314
380	329
380	333
380	337
380	345
380	348
380	349
380	353
380	365
380	366
380	377
380	381
380	386
380	388
380	392
380	394
380	399
381	11
381	24
381	39
381	73
381	75
381	76
381	79
381	88
381	132
381	144
381	147
381	158
381	190
381	215
381	230
381	231
381	245
381	257
381	260
381	262
381	267
381	277
381	309
381	327
381	331
381	332
381	347
381	356
381	357
381	358
381	360
381	372
381	380
381	387
381	400
382	6
382	23
382	81
382	90
382	104
382	111
382	128
382	130
382	131
382	139
382	166
382	168
382	179
382	193
382	194
382	215
382	226
382	230
382	246
382	276
382	279
382	283
382	336
382	338
382	339
382	345
382	359
382	366
382	370
382	376
382	379
382	390
382	391
382	393
382	395
382	400
383	25
383	39
383	40
383	77
383	92
383	96
383	101
383	154
383	170
383	235
383	237
383	261
383	274
383	299
383	303
383	304
383	323
383	327
383	331
383	332
383	334
383	337
383	338
383	346
383	347
383	350
383	354
383	361
383	362
383	368
383	377
383	379
383	385
383	394
383	397
383	398
383	399
384	14
384	19
384	45
384	67
384	113
384	122
384	138
384	139
384	173
384	195
384	202
384	217
384	226
384	229
384	237
384	245
384	248
384	265
384	272
384	283
384	284
384	288
384	290
384	293
384	295
384	308
384	325
384	330
384	334
384	335
384	336
384	358
384	376
384	385
384	386
384	389
384	400
385	41
385	69
385	116
385	152
385	154
385	173
385	183
385	184
385	211
385	231
385	238
385	246
385	249
385	251
385	273
385	275
385	282
385	283
385	326
385	327
385	334
385	336
385	346
385	359
385	364
385	365
385	366
385	371
385	374
385	375
385	383
385	384
385	392
385	393
385	396
385	397
385	398
386	8
386	16
386	31
386	38
386	49
386	50
386	88
386	109
386	116
386	147
386	157
386	158
386	174
386	178
386	189
386	193
386	209
386	227
386	243
386	254
386	281
386	283
386	292
386	297
386	301
386	324
386	333
386	335
386	339
386	344
386	363
386	366
386	371
386	375
386	380
386	384
386	395
386	400
387	21
387	28
387	34
387	51
387	79
387	108
387	120
387	153
387	161
387	210
387	214
387	217
387	218
387	220
387	221
387	234
387	244
387	250
387	252
387	270
387	273
387	274
387	281
387	284
387	286
387	290
387	307
387	319
387	323
387	331
387	342
387	347
387	369
387	370
387	375
387	381
387	388
387	392
387	398
388	9
388	33
388	40
388	51
388	53
388	58
388	68
388	71
388	73
388	125
388	132
388	148
388	166
388	171
388	192
388	194
388	202
388	214
388	256
388	281
388	284
388	286
388	300
388	313
388	319
388	325
388	330
388	332
388	333
388	346
388	348
388	353
388	359
388	370
388	372
388	374
388	380
388	387
388	399
389	1
389	24
389	38
389	48
389	72
389	106
389	114
389	151
389	164
389	167
389	177
389	193
389	196
389	213
389	220
389	243
389	259
389	266
389	267
389	289
389	290
389	300
389	305
389	309
389	312
389	320
389	321
389	326
389	330
389	332
389	355
389	356
389	357
389	358
389	362
389	366
389	371
389	384
389	391
390	14
390	17
390	78
390	83
390	113
390	131
390	164
390	168
390	174
390	198
390	201
390	215
390	220
390	226
390	229
390	240
390	244
390	246
390	248
390	249
390	260
390	268
390	291
390	302
390	318
390	320
390	321
390	331
390	338
390	342
390	345
390	355
390	364
390	366
390	367
390	370
390	379
390	382
390	393
390	397
391	22
391	38
391	62
391	66
391	85
391	99
391	129
391	153
391	156
391	160
391	189
391	224
391	237
391	241
391	244
391	253
391	262
391	275
391	286
391	290
391	293
391	294
391	296
391	300
391	303
391	305
391	312
391	321
391	339
391	340
391	355
391	356
391	364
391	366
391	367
391	382
391	389
391	392
391	394
391	396
392	8
392	34
392	47
392	55
392	86
392	128
392	138
392	139
392	148
392	178
392	189
392	200
392	219
392	222
392	225
392	247
392	259
392	267
392	276
392	283
392	288
392	293
392	304
392	311
392	314
392	317
392	318
392	327
392	341
392	343
392	364
392	368
392	371
392	374
392	377
392	380
392	385
392	387
392	391
392	396
392	400
393	27
393	40
393	47
393	85
393	86
393	91
393	103
393	114
393	137
393	158
393	183
393	195
393	198
393	226
393	238
393	246
393	255
393	267
393	277
393	282
393	284
393	299
393	302
393	311
393	318
393	325
393	326
393	350
393	351
393	354
393	356
393	358
393	363
393	365
393	367
393	368
393	374
393	375
393	382
393	385
393	390
393	397
394	68
394	74
394	91
394	99
394	105
394	121
394	144
394	167
394	180
394	192
394	215
394	238
394	240
394	246
394	252
394	255
394	257
394	259
394	261
394	265
394	270
394	283
394	288
394	294
394	311
394	316
394	318
394	319
394	323
394	326
394	327
394	328
394	329
394	343
394	346
394	354
394	362
394	368
394	375
394	380
394	383
394	391
394	397
394	400
395	6
395	10
395	23
395	55
395	75
395	96
395	105
395	134
395	143
395	146
395	150
395	152
395	154
395	159
395	160
395	171
395	175
395	185
395	205
395	218
395	221
395	240
395	247
395	263
395	268
395	275
395	281
395	292
395	298
395	309
395	316
395	324
395	326
395	333
395	339
395	340
395	355
395	360
395	365
395	374
395	376
395	382
395	386
395	397
395	399
396	13
396	15
396	29
396	44
396	58
396	70
396	94
396	111
396	113
396	124
396	134
396	170
396	171
396	187
396	208
396	211
396	233
396	236
396	249
396	254
396	260
396	261
396	280
396	286
396	297
396	305
396	307
396	313
396	321
396	322
396	323
396	336
396	345
396	348
396	349
396	350
396	367
396	369
396	371
396	376
396	378
396	385
396	391
396	392
396	399
397	12
397	41
397	51
397	59
397	77
397	95
397	121
397	132
397	142
397	146
397	149
397	156
397	159
397	187
397	188
397	192
397	212
397	219
397	231
397	235
397	244
397	251
397	255
397	257
397	264
397	271
397	295
397	303
397	322
397	326
397	329
397	340
397	346
397	350
397	351
397	354
397	360
397	365
397	368
397	379
397	383
397	385
397	390
397	393
397	394
397	395
398	7
398	9
398	19
398	24
398	53
398	121
398	127
398	136
398	153
398	158
398	163
398	166
398	179
398	184
398	187
398	221
398	243
398	244
398	255
398	271
398	278
398	280
398	283
398	290
398	295
398	320
398	326
398	329
398	332
398	335
398	337
398	341
398	346
398	350
398	352
398	356
398	358
398	359
398	362
398	371
398	378
398	379
398	383
398	385
398	387
398	400
399	1
399	6
399	9
399	19
399	22
399	42
399	52
399	55
399	81
399	105
399	112
399	144
399	146
399	180
399	183
399	203
399	206
399	218
399	231
399	233
399	240
399	243
399	247
399	252
399	254
399	264
399	268
399	272
399	273
399	275
399	287
399	294
399	298
399	322
399	333
399	340
399	347
399	361
399	364
399	365
399	367
399	370
399	376
399	380
399	383
399	388
399	395
399	396
400	3
400	14
400	19
400	37
400	53
400	57
400	71
400	86
400	116
400	123
400	126
400	139
400	141
400	166
400	174
400	189
400	209
400	216
400	226
400	232
400	246
400	260
400	263
400	264
400	269
400	270
400	276
400	283
400	284
400	288
400	302
400	322
400	323
400	325
400	330
400	331
400	334
400	339
400	341
400	351
400	360
400	361
400	367
400	381
400	382
400	384
400	386
400	392
400	394
400	398
