1	45
1	72
1	87
1	96
1	161
1	176
1	200
2	112
2	127
2	129
2	176
2	194
2	195
2	196
3	125
3	137
3	167
3	183
3	190
3	197
3	198
4	16
4	25
4	145
4	179
4	190
4	195
4	200
5	92
5	131
5	135
5	177
5	194
5	195
5	196
6	50
6	113
6	122
6	141
6	168
6	180
6	199
7	22
7	96
7	132
7	157
7	193
7	195
7	198
8	20
8	65
8	80
8	183
8	190
8	192
8	200
9	69
9	169
9	172
9	173
9	179
9	194
9	200
10	90
10	113
10	166
10	175
10	187
10	193
10	197
11	122
11	153
11	171
11	173
11	185
11	193
11	196
12	32
12	74
12	153
12	156
12	181
12	186
12	198
13	24
13	121
13	124
13	129
13	169
13	181
13	192
14	126
14	140
14	160
14	168
14	172
14	190
14	198
15	51
15	63
15	76
15	151
15	157
15	180
15	199
16	4
16	38
16	103
16	125
16	149
16	155
16	175
17	45
17	131
17	162
17	165
17	177
17	191
17	199
18	63
18	122
18	124
18	136
18	149
18	185
18	199
19	131
19	155
19	157
19	161
19	170
19	195
19	197
20	8
20	50
20	105
20	124
20	175
20	181
20	183
21	45
21	60
21	81
21	154
21	159
21	171
21	194
22	7
22	48
22	110
22	136
22	165
22	173
22	185
23	82
23	120
23	144
23	160
23	165
23	181
23	198
24	13
24	54
24	108
24	110
24	158
24	185
24	197
25	4
25	28
25	51
25	78
25	149
25	159
25	200
26	77
26	126
26	130
26	147
26	180
26	196
26	197
27	57
27	63
27	111
27	125
27	156
27	184
27	192
28	25
28	101
28	148
28	171
28	173
28	192
28	196
29	32
29	40
29	81
29	136
29	161
29	180
29	194
30	45
30	58
30	65
30	138
30	150
30	153
30	173
31	32
31	105
31	113
31	119
31	144
31	163
31	192
32	12
32	29
32	31
32	117
32	139
32	182
32	193
33	139
33	153
33	172
33	182
33	187
33	189
33	200
34	39
34	84
34	174
34	184
34	186
34	197
34	200
35	85
35	87
35	114
35	137
35	142
35	187
35	198
36	108
36	154
36	158
36	189
36	191
36	192
36	200
37	123
37	150
37	158
37	170
37	180
37	198
37	199
38	16
38	89
38	111
38	115
38	138
38	162
38	179
38	200
39	34
39	85
39	87
39	130
39	165
39	174
39	189
39	197
40	29
40	134
40	140
40	151
40	164
40	187
40	192
40	199
41	75
41	80
41	84
41	134
41	185
41	186
41	190
41	199
42	69
42	100
42	101
42	114
42	141
42	153
42	183
42	199
43	56
43	141
43	147
43	174
43	186
43	191
43	196
43	198
44	55
44	103
44	125
44	145
44	154
44	165
44	174
44	199
45	1
45	17
45	21
45	30
45	71
45	131
45	141
45	179
46	63
46	66
46	98
46	133
46	135
46	162
46	179
46	196
47	115
47	144
47	177
47	178
47	181
47	188
47	197
47	199
48	22
48	57
48	132
48	145
48	184
48	187
48	193
48	196
49	90
49	132
49	145
49	151
49	174
49	188
49	190
49	197
50	6
50	20
50	84
50	139
50	148
50	161
50	185
50	187
51	15
51	25
51	103
51	131
51	162
51	165
51	166
51	187
52	59
52	79
52	97
52	139
52	191
52	193
52	195
52	197
53	123
53	125
53	145
53	150
53	187
53	197
53	198
53	199
54	24
54	81
54	106
54	148
54	177
54	183
54	195
54	200
55	44
55	88
55	92
55	95
55	151
55	175
55	178
55	186
56	43
56	82
56	132
56	160
56	164
56	192
56	197
56	199
57	27
57	48
57	98
57	125
57	163
57	168
57	186
57	197
58	30
58	115
58	146
58	155
58	157
58	176
58	180
58	198
59	52
59	91
59	123
59	133
59	162
59	171
59	182
59	186
60	21
60	77
60	139
60	161
60	167
60	185
60	191
60	195
61	104
61	133
61	135
61	142
61	143
61	182
61	184
61	194
62	74
62	128
62	138
62	178
62	182
62	193
62	195
62	196
63	15
63	18
63	27
63	46
63	114
63	159
63	170
63	198
64	85
64	126
64	142
64	159
64	161
64	187
64	192
64	195
64	199
65	8
65	30
65	73
65	78
65	112
65	119
65	161
65	196
65	199
66	46
66	130
66	141
66	148
66	182
66	183
66	187
66	196
66	198
67	140
67	150
67	161
67	163
67	164
67	180
67	181
67	188
67	198
68	93
68	138
68	146
68	154
68	175
68	177
68	194
68	196
68	200
69	9
69	42
69	93
69	152
69	160
69	169
69	170
69	185
69	199
70	71
70	82
70	104
70	157
70	161
70	172
70	184
70	185
70	192
71	45
71	70
71	161
71	168
71	171
71	173
71	185
71	190
71	198
72	1
72	96
72	119
72	127
72	140
72	149
72	181
72	186
72	194
73	65
73	99
73	106
73	135
73	137
73	169
73	178
73	179
73	198
74	12
74	62
74	95
74	99
74	115
74	175
74	177
74	187
74	194
75	41
75	80
75	107
75	117
75	144
75	165
75	174
75	187
75	193
76	15
76	79
76	104
76	122
76	158
76	180
76	188
76	189
76	195
77	26
77	60
77	111
77	164
77	171
77	178
77	191
77	192
77	198
78	25
78	65
78	106
78	108
78	163
78	166
78	179
78	182
78	188
79	52
79	76
79	120
79	127
79	133
79	145
79	170
79	180
79	189
79	193
80	8
80	41
80	75
80	85
80	144
80	181
80	188
80	189
80	194
80	198
81	21
81	29
81	54
81	99
81	142
81	164
81	167
81	174
81	190
81	192
82	23
82	56
82	70
82	83
82	134
82	135
82	151
82	184
82	186
82	192
83	82
83	105
83	121
83	149
83	163
83	164
83	170
83	180
83	186
83	199
84	34
84	41
84	50
84	131
84	170
84	174
84	178
84	182
84	184
84	197
85	35
85	39
85	64
85	80
85	115
85	147
85	157
85	176
85	195
85	198
86	107
86	143
86	144
86	146
86	166
86	184
86	187
86	189
86	193
86	195
87	1
87	35
87	39
87	122
87	143
87	155
87	178
87	189
87	196
87	198
88	55
88	109
88	137
88	144
88	145
88	166
88	174
88	185
88	196
88	198
89	38
89	103
89	131
89	135
89	140
89	149
89	156
89	174
89	199
89	200
90	10
90	49
90	117
90	136
90	151
90	156
90	158
90	164
90	183
90	186
90	193
91	59
91	116
91	143
91	148
91	168
91	171
91	187
91	190
91	192
91	194
91	197
92	5
92	55
92	155
92	167
92	170
92	172
92	175
92	182
92	185
92	199
92	200
93	68
93	69
93	107
93	116
93	131
93	136
93	152
93	162
93	173
93	181
93	200
94	135
94	136
94	138
94	141
94	151
94	189
94	191
94	193
94	196
94	197
94	198
95	55
95	74
95	132
95	134
95	142
95	162
95	163
95	168
95	195
95	199
95	200
96	1
96	7
96	72
96	97
96	116
96	128
96	136
96	156
96	167
96	174
96	182
97	52
97	96
97	127
97	154
97	155
97	168
97	177
97	183
97	194
97	198
97	200
98	46
98	57
98	123
98	132
98	143
98	163
98	170
98	173
98	185
98	190
98	197
99	73
99	74
99	81
99	130
99	138
99	147
99	149
99	155
99	173
99	184
99	187
100	42
100	102
100	153
100	154
100	155
100	171
100	179
100	181
100	184
100	192
100	198
101	28
101	42
101	114
101	137
101	143
101	163
101	166
101	167
101	175
101	196
101	199
102	100
102	133
102	162
102	176
102	177
102	181
102	183
102	186
102	191
102	194
102	200
103	16
103	44
103	51
103	89
103	110
103	122
103	147
103	185
103	193
103	194
103	195
104	61
104	70
104	76
104	114
104	126
104	148
104	162
104	169
104	190
104	191
104	196
104	197
105	20
105	31
105	83
105	109
105	144
105	174
105	177
105	180
105	181
105	182
105	184
105	195
106	54
106	73
106	78
106	108
106	159
106	163
106	170
106	174
106	177
106	190
106	199
106	200
107	75
107	86
107	93
107	119
107	133
107	147
107	153
107	165
107	179
107	187
107	196
107	200
108	24
108	36
108	78
108	106
108	150
108	160
108	162
108	167
108	180
108	189
108	197
108	199
109	88
109	105
109	113
109	118
109	126
109	140
109	143
109	150
109	156
109	165
109	181
109	191
110	22
110	24
110	103
110	128
110	130
110	157
110	162
110	169
110	189
110	191
110	192
110	193
111	27
111	38
111	77
111	119
111	136
111	152
111	153
111	158
111	190
111	194
111	199
111	200
112	2
112	65
112	114
112	124
112	129
112	152
112	160
112	180
112	183
112	188
112	191
112	196
113	6
113	10
113	31
113	109
113	124
113	129
113	160
113	167
113	172
113	178
113	188
113	193
114	35
114	42
114	63
114	101
114	104
114	112
114	158
114	167
114	171
114	172
114	193
114	198
115	38
115	47
115	58
115	74
115	85
115	153
115	161
115	168
115	171
115	186
115	192
115	196
115	199
116	91
116	93
116	96
116	123
116	146
116	151
116	153
116	155
116	163
116	183
116	196
116	199
116	200
117	32
117	75
117	90
117	148
117	152
117	156
117	168
117	175
117	177
117	183
117	187
117	197
117	198
118	109
118	119
118	135
118	152
118	158
118	171
118	175
118	176
118	179
118	183
118	192
118	194
118	200
119	31
119	65
119	72
119	107
119	111
119	118
119	137
119	154
119	174
119	175
119	176
119	185
119	200
120	23
120	79
120	132
120	158
120	159
120	170
120	175
120	178
120	184
120	186
120	191
120	192
120	198
121	13
121	83
121	122
121	147
121	164
121	170
121	179
121	184
121	186
121	191
121	193
121	195
121	198
122	6
122	11
122	18
122	76
122	87
122	103
122	121
122	137
122	149
122	161
122	169
122	187
122	193
123	37
123	53
123	59
123	98
123	116
123	145
123	155
123	156
123	172
123	175
123	190
123	193
123	196
124	13
124	18
124	20
124	112
124	113
124	127
124	129
124	130
124	172
124	183
124	188
124	192
124	197
125	3
125	16
125	27
125	44
125	53
125	57
125	134
125	136
125	143
125	145
125	161
125	179
125	186
125	198
126	14
126	26
126	64
126	104
126	109
126	134
126	146
126	155
126	164
126	168
126	180
126	190
126	192
126	197
127	2
127	72
127	79
127	97
127	124
127	140
127	150
127	152
127	175
127	177
127	179
127	187
127	194
127	196
128	62
128	96
128	110
128	150
128	151
128	166
128	174
128	177
128	181
128	182
128	186
128	188
128	197
128	200
129	2
129	13
129	112
129	113
129	124
129	138
129	146
129	162
129	183
129	184
129	191
129	193
129	195
129	198
130	26
130	39
130	66
130	99
130	110
130	124
130	149
130	164
130	170
130	171
130	173
130	178
130	179
130	180
131	5
131	17
131	19
131	45
131	51
131	84
131	89
131	93
131	134
131	177
131	179
131	184
131	188
131	192
131	200
132	7
132	48
132	49
132	56
132	95
132	98
132	120
132	133
132	155
132	168
132	169
132	175
132	185
132	190
132	191
133	46
133	59
133	61
133	79
133	102
133	107
133	132
133	137
133	138
133	144
133	152
133	158
133	176
133	192
133	194
133	200
134	40
134	41
134	82
134	95
134	125
134	126
134	131
134	153
134	156
134	160
134	174
134	181
134	182
134	184
134	189
134	197
135	5
135	46
135	61
135	73
135	82
135	89
135	94
135	118
135	140
135	154
135	166
135	172
135	188
135	189
135	194
135	200
136	18
136	22
136	29
136	90
136	93
136	94
136	96
136	111
136	125
136	140
136	151
136	159
136	165
136	177
136	196
136	197
137	3
137	35
137	73
137	88
137	101
137	119
137	122
137	133
137	142
137	146
137	155
137	181
137	185
137	187
137	195
137	200
138	30
138	38
138	62
138	68
138	94
138	99
138	129
138	133
138	148
138	167
138	168
138	178
138	185
138	189
138	194
138	196
138	200
139	32
139	33
139	50
139	52
139	60
139	157
139	158
139	164
139	165
139	166
139	167
139	175
139	183
139	184
139	192
139	193
139	196
140	14
140	40
140	67
140	72
140	89
140	109
140	127
140	135
140	136
140	148
140	152
140	165
140	181
140	182
140	186
140	192
140	194
141	6
141	42
141	43
141	45
141	66
141	94
141	143
141	146
141	184
141	188
141	189
141	190
141	191
141	193
141	194
141	195
141	197
142	35
142	61
142	64
142	81
142	95
142	137
142	143
142	151
142	152
142	166
142	171
142	178
142	184
142	189
142	193
142	197
142	200
143	61
143	86
143	87
143	91
143	98
143	101
143	109
143	125
143	141
143	142
143	157
143	164
143	172
143	178
143	183
143	190
143	196
144	23
144	31
144	47
144	75
144	80
144	86
144	88
144	105
144	133
144	163
144	164
144	167
144	169
144	176
144	188
144	193
144	199
145	4
145	44
145	48
145	49
145	53
145	79
145	88
145	123
145	125
145	148
145	150
145	163
145	165
145	190
145	196
145	198
145	200
146	58
146	68
146	86
146	116
146	126
146	129
146	137
146	141
146	147
146	161
146	179
146	180
146	182
146	191
146	192
146	193
146	195
146	197
147	26
147	43
147	85
147	99
147	103
147	107
147	121
147	146
147	156
147	159
147	172
147	185
147	186
147	189
147	190
147	191
147	196
147	199
148	28
148	50
148	54
148	66
148	91
148	104
148	117
148	138
148	140
148	145
148	155
148	164
148	165
148	185
148	189
148	191
148	192
148	200
149	16
149	18
149	25
149	72
149	83
149	89
149	99
149	122
149	130
149	155
149	173
149	178
149	184
149	186
149	187
149	189
149	191
149	193
150	30
150	37
150	53
150	67
150	108
150	109
150	127
150	128
150	145
150	162
150	168
150	169
150	177
150	183
150	188
150	192
150	194
150	197
151	15
151	40
151	49
151	55
151	82
151	90
151	94
151	116
151	128
151	136
151	142
151	159
151	165
151	167
151	171
151	174
151	176
151	186
151	190
152	69
152	93
152	111
152	112
152	117
152	118
152	127
152	133
152	140
152	142
152	154
152	159
152	170
152	176
152	181
152	185
152	189
152	194
152	198
153	11
153	12
153	30
153	33
153	42
153	100
153	107
153	111
153	115
153	116
153	134
153	154
153	162
153	175
153	178
153	179
153	188
153	190
153	195
153	200
154	21
154	36
154	44
154	68
154	97
154	100
154	119
154	135
154	152
154	153
154	160
154	166
154	176
154	177
154	178
154	184
154	191
154	193
154	194
154	200
155	16
155	19
155	58
155	87
155	92
155	97
155	99
155	100
155	116
155	123
155	126
155	132
155	137
155	148
155	149
155	170
155	182
155	184
155	189
155	199
156	12
156	27
156	89
156	90
156	96
156	109
156	117
156	123
156	134
156	147
156	162
156	167
156	169
156	177
156	179
156	181
156	185
156	186
156	195
156	199
157	7
157	15
157	19
157	58
157	70
157	85
157	110
157	139
157	143
157	159
157	161
157	165
157	166
157	170
157	178
157	189
157	193
157	195
157	196
157	198
158	24
158	36
158	37
158	76
158	90
158	111
158	114
158	118
158	120
158	133
158	139
158	160
158	163
158	164
158	167
158	172
158	180
158	182
158	188
158	190
158	199
159	21
159	25
159	63
159	64
159	106
159	120
159	136
159	147
159	151
159	152
159	157
159	169
159	173
159	176
159	178
159	183
159	185
159	192
159	197
159	199
159	200
160	14
160	23
160	56
160	69
160	108
160	112
160	113
160	134
160	154
160	158
160	166
160	168
160	169
160	174
160	180
160	185
160	186
160	188
160	190
160	191
160	195
160	199
161	1
161	19
161	29
161	50
161	60
161	64
161	65
161	67
161	70
161	71
161	115
161	122
161	125
161	146
161	157
161	167
161	169
161	176
161	189
161	191
161	193
161	195
161	197
162	17
162	38
162	46
162	51
162	59
162	93
162	95
162	102
162	104
162	108
162	110
162	129
162	150
162	153
162	156
162	168
162	173
162	177
162	178
162	181
162	182
162	188
162	199
163	31
163	57
163	67
163	78
163	83
163	95
163	98
163	101
163	106
163	116
163	144
163	145
163	158
163	164
163	165
163	168
163	172
163	174
163	175
163	187
163	192
163	194
163	199
164	40
164	56
164	67
164	77
164	81
164	83
164	90
164	121
164	126
164	130
164	139
164	143
164	144
164	148
164	158
164	163
164	167
164	171
164	172
164	179
164	188
164	195
164	199
165	17
165	22
165	23
165	39
165	44
165	51
165	75
165	107
165	109
165	136
165	139
165	140
165	145
165	148
165	151
165	157
165	163
165	168
165	169
165	177
165	184
165	186
165	189
166	10
166	51
166	78
166	86
166	88
166	101
166	128
166	135
166	139
166	142
166	154
166	157
166	160
166	168
166	170
166	171
166	172
166	173
166	176
166	187
166	195
166	197
166	199
166	200
167	3
167	60
167	81
167	92
167	96
167	101
167	108
167	113
167	114
167	138
167	139
167	144
167	151
167	156
167	158
167	161
167	164
167	178
167	180
167	186
167	188
167	190
167	195
167	199
168	6
168	14
168	57
168	71
168	91
168	95
168	97
168	115
168	117
168	126
168	132
168	138
168	150
168	160
168	162
168	163
168	165
168	166
168	169
168	171
168	177
168	181
168	188
168	197
169	9
169	13
169	69
169	73
169	104
169	110
169	122
169	132
169	144
169	150
169	156
169	159
169	160
169	161
169	165
169	168
169	172
169	173
169	176
169	179
169	182
169	185
169	187
169	192
169	195
170	19
170	37
170	63
170	69
170	79
170	83
170	84
170	92
170	98
170	106
170	120
170	121
170	130
170	152
170	155
170	157
170	166
170	171
170	172
170	176
170	177
170	191
170	192
170	193
170	196
171	11
171	21
171	28
171	59
171	71
171	77
171	91
171	100
171	114
171	115
171	118
171	130
171	142
171	151
171	164
171	166
171	168
171	170
171	179
171	181
171	182
171	191
171	193
171	194
171	197
172	9
172	14
172	33
172	70
172	92
172	113
172	114
172	123
172	124
172	135
172	143
172	147
172	158
172	163
172	164
172	166
172	169
172	170
172	175
172	179
172	181
172	183
172	190
172	192
172	197
173	9
173	11
173	22
173	28
173	30
173	71
173	93
173	98
173	99
173	130
173	149
173	159
173	162
173	166
173	169
173	183
173	184
173	186
173	187
173	188
173	190
173	193
173	194
173	196
173	198
173	199
174	34
174	39
174	43
174	44
174	49
174	75
174	81
174	84
174	88
174	89
174	96
174	105
174	106
174	119
174	128
174	134
174	151
174	160
174	163
174	175
174	180
174	181
174	186
174	191
174	194
174	196
174	199
175	10
175	16
175	20
175	55
175	68
175	74
175	92
175	101
175	117
175	118
175	119
175	120
175	123
175	127
175	132
175	139
175	153
175	163
175	172
175	174
175	177
175	178
175	186
175	189
175	194
175	196
175	198
176	1
176	2
176	58
176	85
176	102
176	118
176	119
176	133
176	144
176	151
176	152
176	154
176	159
176	161
176	166
176	169
176	170
176	177
176	179
176	181
176	185
176	188
176	190
176	194
176	195
176	199
176	200
177	5
177	17
177	47
177	54
177	68
177	74
177	97
177	102
177	105
177	106
177	117
177	127
177	128
177	131
177	136
177	150
177	154
177	156
177	162
177	165
177	168
177	170
177	175
177	176
177	179
177	182
177	187
177	197
178	47
178	55
178	62
178	73
178	77
178	84
178	87
178	113
178	120
178	130
178	138
178	142
178	143
178	149
178	153
178	154
178	157
178	159
178	162
178	167
178	175
178	188
178	190
178	193
178	195
178	196
178	197
178	198
179	4
179	9
179	38
179	45
179	46
179	73
179	78
179	100
179	107
179	118
179	121
179	125
179	127
179	130
179	131
179	146
179	153
179	156
179	164
179	169
179	171
179	172
179	176
179	177
179	183
179	194
179	197
179	199
180	6
180	15
180	26
180	29
180	37
180	58
180	67
180	76
180	79
180	83
180	105
180	108
180	112
180	126
180	130
180	146
180	158
180	160
180	167
180	174
180	187
180	188
180	190
180	192
180	193
180	194
180	197
180	198
181	12
181	13
181	20
181	23
181	47
181	67
181	72
181	80
181	93
181	100
181	102
181	105
181	109
181	128
181	134
181	137
181	140
181	152
181	156
181	162
181	168
181	171
181	172
181	174
181	176
181	182
181	190
181	195
181	200
182	32
182	33
182	59
182	61
182	62
182	66
182	78
182	84
182	92
182	96
182	105
182	128
182	134
182	140
182	146
182	155
182	158
182	162
182	169
182	171
182	177
182	181
182	183
182	185
182	187
182	188
182	191
182	196
182	198
182	200
183	3
183	8
183	20
183	42
183	54
183	66
183	90
183	97
183	102
183	112
183	116
183	117
183	118
183	124
183	129
183	139
183	143
183	150
183	159
183	172
183	173
183	179
183	182
183	184
183	185
183	186
183	192
183	193
183	195
183	198
184	27
184	34
184	48
184	61
184	70
184	82
184	84
184	86
184	99
184	100
184	105
184	120
184	121
184	129
184	131
184	134
184	139
184	141
184	142
184	149
184	154
184	155
184	165
184	173
184	183
184	190
184	192
184	196
184	198
184	199
184	200
185	11
185	18
185	22
185	24
185	41
185	50
185	60
185	69
185	70
185	71
185	88
185	92
185	98
185	103
185	119
185	132
185	137
185	138
185	147
185	148
185	152
185	156
185	159
185	160
185	169
185	176
185	182
185	183
185	189
185	194
185	197
185	198
186	12
186	34
186	41
186	43
186	55
186	57
186	59
186	72
186	82
186	83
186	90
186	102
186	115
186	120
186	121
186	125
186	128
186	140
186	147
186	149
186	151
186	156
186	160
186	165
186	167
186	173
186	174
186	175
186	183
186	194
186	195
186	197
187	10
187	33
187	35
187	40
187	48
187	50
187	51
187	53
187	64
187	66
187	74
187	75
187	86
187	91
187	99
187	107
187	117
187	122
187	127
187	137
187	149
187	163
187	166
187	169
187	173
187	177
187	180
187	182
187	189
187	195
187	196
187	197
188	47
188	49
188	67
188	76
188	78
188	80
188	112
188	113
188	124
188	128
188	131
188	135
188	141
188	144
188	150
188	153
188	158
188	160
188	162
188	164
188	167
188	168
188	173
188	176
188	178
188	180
188	182
188	191
188	195
188	198
188	199
188	200
189	33
189	36
189	39
189	76
189	79
189	80
189	86
189	87
189	94
189	108
189	110
189	134
189	135
189	138
189	141
189	142
189	147
189	148
189	149
189	152
189	155
189	157
189	161
189	165
189	175
189	185
189	187
189	191
189	193
189	195
189	196
189	197
189	199
190	3
190	4
190	8
190	14
190	41
190	49
190	71
190	81
190	91
190	98
190	104
190	106
190	111
190	123
190	126
190	132
190	141
190	143
190	145
190	147
190	151
190	153
190	158
190	160
190	167
190	172
190	173
190	176
190	178
190	180
190	181
190	184
190	196
190	198
190	200
191	17
191	36
191	43
191	52
191	60
191	77
191	94
191	102
191	104
191	109
191	110
191	112
191	120
191	121
191	129
191	132
191	141
191	146
191	147
191	148
191	149
191	154
191	160
191	161
191	170
191	171
191	174
191	182
191	188
191	189
191	193
191	194
191	195
191	198
191	200
192	8
192	13
192	27
192	28
192	31
192	36
192	40
192	56
192	64
192	70
192	77
192	81
192	82
192	91
192	100
192	110
192	115
192	118
192	120
192	124
192	126
192	131
192	133
192	139
192	140
192	146
192	148
192	150
192	159
192	163
192	169
192	170
192	172
192	180
192	183
192	184
192	197
193	7
193	10
193	11
193	32
193	48
193	52
193	62
193	75
193	79
193	86
193	90
193	94
193	103
193	110
193	113
193	114
193	121
193	122
193	123
193	129
193	139
193	141
193	142
193	144
193	146
193	149
193	154
193	157
193	161
193	170
193	171
193	173
193	178
193	180
193	183
193	189
193	191
193	195
193	200
194	2
194	5
194	9
194	21
194	29
194	61
194	68
194	72
194	74
194	80
194	91
194	97
194	102
194	103
194	111
194	118
194	127
194	133
194	135
194	138
194	140
194	141
194	150
194	152
194	154
194	163
194	171
194	173
194	174
194	175
194	176
194	179
194	180
194	185
194	186
194	191
194	195
194	196
194	197
194	200
195	2
195	4
195	5
195	7
195	19
195	52
195	54
195	60
195	62
195	64
195	76
195	85
195	86
195	95
195	103
195	105
195	121
195	129
195	137
195	141
195	146
195	153
195	156
195	157
195	160
195	161
195	164
195	166
195	167
195	169
195	176
195	178
195	181
195	183
195	186
195	187
195	188
195	189
195	191
195	193
195	194
195	199
196	2
196	5
196	11
196	26
196	28
196	43
196	46
196	48
196	62
196	65
196	66
196	68
196	87
196	88
196	94
196	101
196	104
196	107
196	112
196	115
196	116
196	123
196	127
196	136
196	138
196	139
196	143
196	145
196	147
196	157
196	170
196	173
196	174
196	175
196	178
196	182
196	184
196	187
196	189
196	190
196	194
196	198
196	199
196	200
197	3
197	10
197	19
197	24
197	26
197	34
197	39
197	47
197	49
197	52
197	53
197	56
197	57
197	84
197	91
197	94
197	98
197	104
197	108
197	117
197	124
197	126
197	128
197	134
197	136
197	141
197	142
197	146
197	150
197	159
197	161
197	166
197	168
197	171
197	172
197	177
197	178
197	179
197	180
197	185
197	186
197	187
197	189
197	192
197	194
197	198
198	3
198	7
198	12
198	14
198	23
198	35
198	37
198	43
198	53
198	58
198	63
198	66
198	67
198	71
198	73
198	77
198	80
198	85
198	87
198	88
198	94
198	97
198	100
198	114
198	117
198	120
198	121
198	125
198	129
198	145
198	152
198	157
198	173
198	175
198	178
198	180
198	182
198	183
198	184
198	185
198	188
198	190
198	191
198	196
198	197
198	199
198	200
199	6
199	15
199	17
199	18
199	37
199	40
199	41
199	42
199	44
199	47
199	53
199	56
199	64
199	65
199	69
199	83
199	89
199	92
199	95
199	101
199	106
199	108
199	111
199	115
199	116
199	144
199	147
199	155
199	156
199	158
199	159
199	160
199	162
199	163
199	164
199	166
199	167
199	173
199	174
199	176
199	179
199	184
199	188
199	189
199	195
199	196
199	198
199	200
200	1
200	4
200	8
200	9
200	25
200	33
200	34
200	36
200	38
200	54
200	68
200	89
200	92
200	93
200	95
200	97
200	102
200	106
200	107
200	111
200	116
200	118
200	119
200	128
200	131
200	133
200	135
200	137
200	138
200	142
200	145
200	148
200	153
200	154
200	159
200	166
200	176
200	181
200	182
200	184
200	188
200	190
200	191
200	193
200	194
200	196
200	198
200	199
