1	18 
2	22 
3	39 
4	36 
5	40 
6	20 
7	1 
8	21 
9	10 
10	37 
11	28 
12	49 
13	40 
14	44 
15	21 
16	9 
17	30 
18	6 
19	12 
20	36 
21	42 
22	46 
23	26 
24	1 
25	23 
26	39 
27	36 
28	11 
29	22 
30	31 
31	37 
32	11 
33	7 
34	47 
35	6 
36	11 
37	6 
38	3 
39	34 
40	27 
41	49 
42	2 
43	29 
44	13 
45	11 
46	22 
47	18 
48	37 
49	37 
50	41 
51	8 
52	47 
53	15 
54	37 
55	8 
56	30 
57	31 
58	2 
59	7 
60	3 
61	23 
62	30 
63	6 
64	39 
65	49 
66	7 
67	31 
68	20 
69	44 
70	29 
71	32 
72	9 
73	36 
74	47 
75	29 
76	44 
77	27 
78	10 
79	36 
80	13 
81	9 
82	31 
83	13 
84	31 
85	43 
86	47 
87	23 
88	6 
89	39 
90	26 
91	7 
92	13 
93	21 
94	14 
95	31 
96	36 
97	6 
98	12 
99	36 
100	37 
101	4 
102	24 
103	43 
104	26 
105	18 
106	33 
107	29 
108	18 
109	8 
110	22 
111	45 
112	21 
113	46 
114	36 
115	15 
116	19 
117	49 
118	19 
119	27 
120	31 
121	19 
122	21 
123	6 
124	27 
125	24 
126	5 
127	41 
128	46 
129	42 
130	26 
131	36 
132	37 
133	32 
134	9 
135	30 
136	1 
137	34 
138	5 
139	43 
140	47 
141	3 
142	1 
143	36 
144	37 
145	2 
146	18 
147	37 
148	24 
149	42 
150	12 
151	2 
152	40 
153	12 
154	25 
155	27 
156	9 
157	5 
158	35 
159	46 
160	14 
161	38 
162	12 
163	39 
164	37 
165	5 
166	37 
167	6 
168	32 
169	27 
170	4 
171	8 
172	28 
173	21 
174	21 
175	37 
176	37 
177	47 
178	35 
179	42 
180	36 
181	39 
182	4 
183	23 
184	26 
185	50 
186	47 
187	16 
188	44 
189	10 
190	47 
191	33 
192	36 
193	31 
194	14 
195	10 
196	31 
197	2 
198	12 
199	21 
200	33 
201	16 
202	9 
203	24 
204	44 
205	35 
206	12 
207	29 
208	12 
209	50 
210	39 
211	32 
212	3 
213	44 
214	43 
215	7 
216	5 
217	40 
218	1 
219	6 
220	36 
221	25 
222	46 
223	5 
224	30 
225	8 
226	49 
227	9 
228	11 
229	22 
230	7 
231	27 
232	19 
233	50 
234	40 
235	36 
236	38 
237	26 
238	23 
239	41 
240	12 
241	37 
242	43 
243	49 
244	15 
245	10 
246	1 
247	3 
248	26 
249	46 
250	17 
251	23 
252	40 
253	11 
254	12 
255	5 
256	24 
257	12 
258	20 
259	20 
260	14 
261	36 
262	35 
263	10 
264	45 
265	5 
266	50 
267	49 
268	36 
269	23 
270	28 
271	19 
272	3 
273	39 
274	16 
275	21 
276	16 
277	39 
278	42 
279	17 
280	11 
281	10 
282	35 
283	6 
284	18 
285	32 
286	43 
287	3 
288	33 
289	3 
290	49 
291	8 
292	41 
293	17 
294	41 
295	37 
296	50 
297	18 
298	9 
299	34 
300	23 
301	48 
302	47 
303	37 
304	47 
305	24 
306	27 
307	38 
308	18 
309	29 
310	26 
311	34 
312	15 
313	32 
314	41 
315	29 
316	15 
317	11 
318	46 
319	50 
320	20 
321	5 
322	26 
323	17 
324	8 
325	36 
326	29 
327	42 
328	28 
329	24 
330	49 
331	15 
332	33 
333	19 
334	32 
335	36 
336	7 
337	33 
338	41 
339	18 
340	43 
341	15 
342	5 
343	3 
344	30 
345	27 
346	39 
347	1 
348	32 
349	28 
350	1 
351	15 
352	47 
353	49 
354	36 
355	21 
356	45 
357	40 
358	8 
359	42 
360	15 
361	28 
362	40 
363	14 
364	30 
365	40 
366	20 
367	26 
368	15 
369	21 
370	6 
371	40 
372	31 
373	18 
374	49 
375	44 
376	35 
377	18 
378	31 
379	50 
380	9 
381	5 
382	22 
383	30 
384	9 
385	49 
386	19 
387	46 
388	14 
389	26 
390	40 
391	18 
392	4 
393	23 
394	47 
395	37 
396	28 
397	14 
398	24 
399	22 
400	23 
401	12 
402	28 
403	38 
404	11 
405	3 
406	16 
407	41 
408	47 
409	10 
410	23 
411	45 
412	12 
413	18 
414	6 
415	16 
416	47 
417	23 
418	35 
419	47 
420	22 
421	35 
422	4 
423	13 
424	5 
425	49 
426	44 
427	19 
428	7 
429	6 
430	26 
431	26 
432	18 
433	12 
434	29 
435	16 
436	47 
437	21 
438	30 
439	12 
440	6 
441	6 
442	6 
443	20 
444	38 
445	39 
446	6 
447	13 
448	24 
449	8 
450	6 
451	25 
452	21 
453	3 
454	35 
455	20 
456	46 
457	22 
458	41 
459	12 
460	39 
461	33 
462	42 
463	40 
464	43 
465	22 
466	13 
467	24 
468	16 
469	45 
470	43 
471	41 
472	35 
473	28 
474	7 
475	26 
476	33 
477	31 
478	2 
479	43 
480	1 
481	43 
482	35 
483	8 
484	31 
485	11 
486	46 
487	30 
488	29 
489	11 
490	1 
491	33 
492	4 
493	31 
494	18 
495	26 
496	47 
497	31 
498	39 
499	36 
500	3 
501	34 
502	3 
503	28 
504	11 
505	22 
506	15 
507	21 
508	28 
509	47 
510	49 
511	12 
512	3 
513	15 
514	2 
515	46 
516	47 
517	10 
518	43 
519	37 
520	22 
521	47 
522	25 
523	48 
524	16 
525	15 
526	18 
527	8 
528	2 
529	30 
530	1 
531	30 
532	32 
533	10 
534	31 
535	50 
536	9 
537	43 
538	36 
539	40 
540	41 
541	48 
542	25 
543	7 
544	33 
545	39 
546	27 
547	29 
548	7 
549	15 
550	5 
551	2 
552	22 
553	10 
554	13 
555	22 
556	25 
557	7 
558	27 
559	2 
560	30 
561	37 
562	2 
563	40 
564	32 
565	45 
566	45 
567	42 
568	37 
569	45 
570	41 
571	36 
572	31 
573	20 
574	41 
575	12 
576	33 
577	44 
578	37 
579	33 
580	32 
581	49 
582	45 
583	24 
584	29 
585	47 
586	47 
587	35 
588	25 
589	16 
590	49 
591	17 
592	27 
593	27 
594	29 
595	2 
596	11 
597	3 
598	48 
599	34 
600	21 
601	50 
602	7 
603	7 
604	40 
605	19 
606	13 
607	42 
608	13 
609	8 
610	20 
611	3 
612	30 
613	3 
614	7 
615	41 
616	42 
617	11 
618	8 
619	20 
620	14 
621	22 
622	37 
623	15 
624	15 
625	10 
626	11 
627	19 
628	40 
629	33 
630	23 
631	18 
632	29 
633	35 
634	30 
635	19 
636	7 
637	22 
638	4 
639	6 
640	42 
641	36 
642	6 
643	3 
644	37 
645	41 
646	32 
647	10 
648	22 
649	47 
650	12 
651	14 
652	44 
653	16 
654	12 
655	12 
656	5 
657	41 
658	8 
659	41 
660	3 
661	25 
662	12 
663	21 
664	30 
665	9 
666	5 
667	18 
668	3 
669	4 
670	12 
671	8 
672	41 
673	6 
674	5 
675	47 
676	3 
677	10 
678	15 
679	24 
680	4 
681	33 
682	29 
683	46 
684	45 
685	21 
686	28 
687	15 
688	12 
689	31 
690	50 
691	43 
692	40 
693	7 
694	4 
695	13 
696	11 
697	4 
698	50 
699	18 
700	48 
701	44 
702	43 
703	4 
704	18 
705	37 
706	22 
707	4 
708	11 
709	25 
710	27 
711	28 
712	39 
713	44 
714	11 
715	31 
716	42 
717	33 
718	32 
719	20 
720	14 
721	15 
722	15 
723	3 
724	40 
725	27 
726	25 
727	40 
728	10 
729	41 
730	49 
731	13 
732	44 
733	34 
734	8 
735	3 
736	6 
737	27 
738	27 
739	12 
740	40 
741	11 
742	31 
743	17 
744	34 
745	24 
746	48 
747	21 
748	12 
749	14 
750	11 
751	42 
752	35 
753	38 
754	38 
755	10 
756	49 
757	29 
758	1 
759	8 
760	9 
761	2 
762	41 
763	5 
764	24 
765	14 
766	4 
767	34 
768	45 
769	33 
770	12 
771	13 
772	10 
773	11 
774	43 
775	40 
776	38 
777	26 
778	46 
779	36 
780	17 
781	6 
782	33 
783	40 
784	27 
785	22 
786	15 
787	33 
788	29 
789	38 
790	44 
791	34 
792	11 
793	43 
794	1 
795	25 
796	3 
797	49 
798	5 
799	13 
800	30 
801	12 
802	31 
803	25 
804	17 
805	11 
806	7 
807	31 
808	32 
809	18 
810	14 
811	21 
812	50 
813	24 
814	22 
815	6 
816	13 
817	3 
818	6 
819	7 
820	29 
821	3 
822	14 
823	9 
824	25 
825	47 
826	11 
827	40 
828	43 
829	14 
830	8 
831	28 
832	8 
833	30 
834	25 
835	48 
836	28 
837	14 
838	21 
839	10 
840	50 
841	30 
842	50 
843	36 
844	8 
845	8 
846	9 
847	34 
848	27 
849	11 
850	3 
851	20 
852	46 
853	39 
854	18 
855	4 
856	17 
857	50 
858	38 
859	16 
860	25 
861	49 
862	11 
863	21 
864	13 
865	21 
866	30 
867	40 
868	47 
869	34 
870	6 
871	12 
872	43 
873	12 
874	29 
875	11 
876	49 
877	44 
878	26 
879	47 
880	8 
881	17 
882	8 
883	42 
884	44 
885	31 
886	24 
887	37 
888	49 
889	50 
890	40 
891	48 
892	6 
893	36 
894	20 
895	38 
896	30 
897	7 
898	39 
899	49 
900	19 
901	24 
902	39 
903	36 
904	30 
905	39 
906	13 
907	39 
908	25 
909	22 
910	39 
911	4 
912	27 
913	3 
914	20 
915	29 
916	18 
917	48 
918	9 
919	39 
920	39 
921	11 
922	46 
923	47 
924	38 
925	44 
926	29 
927	11 
928	19 
929	42 
930	7 
931	23 
932	16 
933	38 
934	40 
935	10 
936	11 
937	4 
938	50 
939	38 
940	45 
941	31 
942	37 
943	45 
944	13 
945	5 
946	49 
947	12 
948	28 
949	21 
950	30 
951	26 
952	17 
953	34 
954	50 
955	7 
956	43 
957	34 
958	41 
959	46 
960	32 
961	25 
962	10 
963	47 
964	10 
965	25 
966	2 
967	43 
968	7 
969	36 
970	32 
971	11 
972	34 
973	27 
974	3 
975	45 
976	34 
977	11 
978	23 
979	16 
980	26 
981	6 
982	4 
983	3 
984	48 
985	24 
986	18 
987	32 
988	37 
989	4 
990	47 
991	40 
992	36 
993	17 
994	4 
995	27 
996	43 
997	49 
998	25 
999	1 
1000	12 
1001	8 
1002	12 
1003	4 
1004	41 
1005	2 
1006	40 
1007	21 
1008	8 
1009	36 
1010	47 
1011	19 
1012	33 
1013	21 
1014	3 
1015	5 
1016	3 
1017	3 
1018	41 
1019	19 
1020	7 
1021	4 
1022	31 
1023	1 
1024	25 
1025	26 
1026	5 
1027	31 
1028	45 
1029	5 
1030	38 
1031	9 
1032	3 
1033	1 
1034	6 
1035	40 
1036	36 
1037	8 
1038	50 
1039	10 
1040	4 
1041	5 
1042	18 
1043	6 
1044	36 
1045	6 
1046	34 
1047	43 
1048	10 
1049	9 
1050	5 
1051	3 
1052	19 
1053	6 
1054	13 
1055	24 
1056	27 
1057	5 
1058	47 
1059	13 
1060	29 
1061	8 
1062	48 
1063	25 
1064	37 
1065	41 
1066	45 
1067	27 
1068	21 
1069	31 
1070	32 
1071	17 
1072	25 
1073	11 
1074	39 
1075	43 
1076	18 
1077	41 
1078	37 
1079	10 
1080	21 
1081	49 
1082	10 
1083	29 
1084	8 
1085	13 
1086	14 
1087	12 
1088	41 
1089	38 
1090	43 
1091	36 
1092	29 
1093	31 
1094	26 
1095	34 
1096	25 
1097	8 
1098	26 
1099	47 
1100	31 
1101	36 
1102	37 
1103	48 
1104	46 
1105	21 
1106	45 
1107	41 
1108	39 
1109	16 
1110	14 
1111	4 
1112	21 
1113	50 
1114	47 
1115	47 
1116	45 
1117	2 
1118	36 
1119	14 
1120	42 
1121	7 
1122	13 
1123	20 
1124	4 
1125	46 
1126	47 
1127	15 
1128	43 
1129	3 
1130	35 
1131	10 
1132	29 
1133	11 
1134	33 
1135	26 
1136	31 
1137	38 
1138	1 
1139	18 
1140	20 
1141	37 
1142	6 
1143	16 
1144	49 
1145	25 
1146	41 
1147	35 
1148	15 
1149	44 
1150	16 
1151	11 
1152	21 
1153	9 
1154	46 
1155	36 
1156	12 
1157	12 
1158	16 
1159	41 
1160	26 
1161	29 
1162	35 
1163	21 
1164	50 
1165	6 
1166	9 
1167	39 
1168	27 
1169	17 
1170	45 
1171	11 
1172	23 
1173	14 
1174	45 
1175	46 
1176	44 
1177	41 
1178	13 
1179	43 
1180	44 
1181	3 
1182	10 
1183	22 
1184	7 
1185	40 
1186	18 
1187	2 
1188	27 
1189	45 
1190	20 
1191	43 
1192	8 
1193	4 
1194	39 
1195	33 
1196	10 
1197	2 
1198	48 
1199	40 
1200	18 
1201	16 
1202	29 
1203	17 
1204	4 
1205	11 
1206	34 
1207	30 
1208	22 
1209	37 
1210	44 
1211	28 
1212	22 
1213	49 
1214	36 
1215	10 
1216	44 
1217	12 
1218	26 
1219	14 
1220	19 
1221	47 
1222	44 
1223	31 
1224	27 
1225	2 
1226	23 
1227	27 
1228	3 
1229	28 
1230	12 
1231	3 
1232	36 
1233	40 
1234	19 
1235	10 
1236	10 
1237	15 
1238	15 
1239	13 
1240	14 
1241	19 
1242	29 
1243	45 
1244	48 
1245	12 
1246	50 
1247	36 
1248	2 
1249	12 
1250	34 
1251	47 
1252	37 
1253	23 
1254	5 
1255	24 
1256	26 
1257	49 
1258	37 
1259	13 
1260	19 
1261	36 
1262	25 
1263	39 
1264	17 
1265	47 
1266	19 
1267	49 
1268	15 
1269	6 
1270	31 
1271	6 
1272	25 
1273	11 
1274	40 
1275	49 
1276	10 
1277	15 
1278	48 
1279	38 
1280	36 
1281	7 
1282	7 
1283	45 
1284	14 
1285	17 
1286	35 
1287	29 
1288	23 
1289	17 
1290	45 
1291	48 
1292	15 
1293	28 
1294	47 
1295	49 
1296	26 
1297	30 
1298	18 
1299	14 
1300	34 
1301	20 
1302	5 
1303	40 
1304	44 
1305	31 
1306	23 
1307	11 
1308	3 
1309	11 
1310	26 
1311	22 
1312	23 
1313	12 
1314	48 
1315	29 
1316	3 
1317	37 
1318	38 
1319	25 
1320	41 
1321	46 
1322	27 
1323	32 
1324	14 
1325	43 
1326	19 
1327	37 
1328	20 
1329	12 
1330	15 
1331	39 
1332	14 
1333	40 
1334	1 
1335	7 
1336	40 
1337	40 
1338	32 
1339	25 
1340	3 
1341	15 
1342	16 
1343	32 
1344	12 
1345	35 
1346	14 
1347	36 
1348	14 
1349	30 
1350	46 
1351	22 
1352	6 
1353	48 
1354	7 
1355	13 
1356	11 
1357	13 
1358	21 
1359	12 
1360	11 
1361	41 
1362	35 
1363	40 
1364	11 
1365	26 
1366	6 
1367	22 
1368	18 
1369	28 
1370	12 
1371	40 
1372	10 
1373	33 
1374	13 
1375	39 
1376	22 
1377	4 
1378	2 
1379	45 
1380	18 
1381	16 
1382	21 
1383	16 
1384	37 
1385	28 
1386	37 
1387	7 
1388	40 
1389	2 
1390	10 
1391	25 
1392	45 
1393	1 
1394	6 
1395	19 
1396	16 
1397	6 
1398	42 
1399	37 
1400	42 
1401	21 
1402	18 
1403	3 
1404	5 
1405	10 
1406	26 
1407	8 
1408	26 
1409	37 
1410	46 
1411	5 
1412	28 
1413	44 
1414	12 
1415	27 
1416	7 
1417	21 
1418	36 
1419	44 
1420	33 
1421	43 
1422	2 
1423	33 
1424	14 
1425	11 
1426	14 
1427	29 
1428	26 
1429	13 
1430	2 
1431	12 
1432	27 
1433	7 
1434	17 
1435	39 
1436	27 
1437	46 
1438	26 
1439	6 
1440	7 
1441	13 
1442	13 
1443	28 
1444	10 
1445	9 
1446	39 
1447	41 
1448	45 
1449	41 
1450	6 
1451	4 
1452	8 
1453	45 
1454	7 
1455	2 
1456	47 
1457	27 
1458	32 
1459	42 
1460	19 
1461	18 
1462	33 
1463	16 
1464	33 
1465	5 
1466	4 
1467	49 
1468	31 
1469	45 
1470	10 
1471	48 
1472	28 
1473	35 
1474	19 
1475	29 
1476	4 
1477	13 
1478	25 
1479	27 
1480	44 
1481	50 
1482	45 
1483	6 
1484	6 
1485	29 
1486	37 
1487	23 
1488	11 
1489	44 
1490	21 
1491	12 
1492	46 
1493	37 
1494	4 
1495	4 
1496	10 
1497	50 
1498	15 
1499	20 
1500	3 
1501	48 
1502	19 
1503	9 
1504	5 
1505	28 
1506	3 
1507	26 
1508	12 
1509	39 
1510	28 
1511	47 
1512	3 
1513	38 
1514	44 
1515	1 
1516	34 
1517	37 
1518	30 
1519	28 
1520	7 
1521	35 
1522	4 
1523	50 
1524	9 
1525	13 
1526	21 
1527	32 
1528	44 
1529	1 
1530	35 
1531	5 
1532	16 
1533	21 
1534	10 
1535	43 
1536	39 
1537	39 
1538	9 
1539	35 
1540	23 
1541	4 
1542	18 
1543	29 
1544	47 
1545	20 
1546	14 
1547	38 
1548	38 
1549	25 
1550	6 
1551	35 
1552	50 
1553	7 
1554	9 
1555	21 
1556	46 
1557	35 
1558	2 
1559	13 
1560	21 
1561	3 
1562	6 
1563	27 
1564	31 
1565	27 
1566	3 
1567	45 
1568	16 
1569	15 
1570	26 
1571	23 
1572	38 
1573	29 
1574	8 
1575	14 
1576	7 
1577	2 
1578	6 
1579	23 
1580	41 
1581	28 
1582	22 
1583	11 
1584	28 
1585	41 
1586	5 
1587	47 
1588	34 
1589	43 
1590	47 
1591	26 
1592	15 
1593	17 
1594	50 
1595	37 
1596	19 
1597	12 
1598	48 
1599	4 
1600	3 
